95
1.4883419727813516
-1.6439759166816799
0.639170693428921
1.1807871060285633
6.0124407592876175
0.19553957283125875
-0.060822040701850294
0.20239251192125787
0.23794486077808152
0.18228891713722692
1.492311197430118
0.05024065270093752
0.1743459171014483
-0.04983093095487293
-0.04983093095487293
-0.04983093095487293
-0.3831912076080027
0.09369503746841913
0.2266237228784311
0.2881248121040019
0.2837049122184489
0.20884113423760617
0.053745876211712104
0.09297377540787605
0.1853272480202851
0.051046941395586465
0.09129294584951858
0.27370960694147217
0.4770331069144945
0.14901250795681584
0.14924250347329782
0.04800513716599836
0.048814750040714075
0.1788747929698928
2.2115288343515904
0.7441009436446973
4.395165363717206
-0.07160393341620233
0.8599018358653082
-0.13355880075564355
4.937553253427299
0.06885381437797386
4.144366534532922
0.3995797609917972
0.3995797609917972
0.3995797609917972
0.3271890644118697
2.136552261659604
1.4572854930628472
0.4951288115034372
2.1961283766960773
1.7082206489597929
0.849171279352432
0.5072535193862828
0.3848741395932259
0.2595052452795156
0.06877918006122469
0.10392636803490345
0.04656877051913305
0.14592480974448557
0.09084190535577338
0.050532861300893496
0.04553908853664792
0.09217306935772245
0.04920495281580606
0.04479149102293659
0.093513955491067
0.1763628250350331
0.224918984771099
0.17693911482871905
0.04521017309737388
0.04521017309737388
0.1488612543679767
0.1505301274015961
0.09644301350257853
0.04606327598162238
0.3175786570486247
4.641358620493225
2.461571426745244
0.780163790982239
0.780163790982239
0.780163790982239
0.6455111615721677
1.5693940109278
2.3197635751244725
1.7338671481825751
0.5383049622884587
0.7522761601524697
0.7522761601524697
0.3401261497054128
1.864431205214061
2.230250225902129
0.9256494634495194
1.0721672806162235
1.2885544801762807
