27
1.3161350532726643
0.46625699555866623
1.3161350532726643
0.6454349081364709
2.476782692438109
1.5315562639031577
1.628079089583866
2.0980499436979314
0.04392655607920385
2.763632357164572
0.14618170204504766
3.194623612488222
-0.017197808600892477
2.7157103864681553
0.13360016274778075
2.05481256457247
0.7598406059819639
1.5261107339912763
0.22994194159777132
2.6965869003486316
1.1232284173780704
0.5298986643841965
0.5298986643841965
0.5298986643841965
0.5298986643841965
1.2475249746657622
1.2475249746657622
