49
3.0923718829214706
3.530144472876993
1.6944995198656625
-0.6295534962212257
2.2335749801111175
2.2335749801111175
3.774755001828996
0.9276842704452108
0.9276842704452108
0.9276842704452108
0.9276842704452108
0.7011172578683389
1.413275195119365
0.9010495358142977
2.894846060486029
3.499350035194222
0.20208563237524257
0.43184396832382393
0.1353670978367572
0.5000899843414204
0.1257482961220688
0.5867856942852163
0.13101827659892487
0.18548671739310982
0.1172566042503526
0.10007938560655935
0.11233403501812175
0.5785425438042139
0.5491364357269629
0.17333140428679228
0.21640962921825097
0.281990762818376
1.2638418301977548
0.3049097230878757
0.18052651263080388
0.47325947925684686
5.261644399562173
0.34792831215546105
-0.11309247919436267
-0.11309247919436267
1.069224816104713
0.9384918425948711
-0.16468256479669682
-0.26892476456710057
-0.26892476456710057
-0.26892476456710057
-0.26892476456710057
0.08145218567828783
1.267274069090436
