35
1.3432692164774136
0.0590260577399798
1.3432692164774136
1.0888705699824983
2.5332840321963985
1.2729826916102032
1.4728752560235912
1.938624476594411
-0.3496020953216109
2.118067979700651
2.118067979700651
1.9856061410273909
-0.06858133229831165
1.551134374226783
0.5751097981089758
2.9833909115534647
1.529586410392934
1.4400900432202492
0.7403842583411394
0.7403842583411394
0.7403842583411394
0.7403842583411394
2.0216812752101325
-0.2027315337946126
3.155311682142577
0.5598704868310247
2.2930808952988455
0.5618889036744429
1.0891592915839232
1.0891592915839232
2.763850526130883
1.5320909495844544
-0.007482972313047974
1.5482922624863444
1.5482922624863444
