139
5.814954697428454
0.8763988831315256
0.145349073994788
0.5125304073226237
7.485170637285674
0.17543488307418215
0.20711153920109465
-0.20830842541580416
-0.20830842541580416
-0.20830842541580416
-0.2793203566691932
4.8000612441260655
2.3349397058344907
2.3349397058344907
3.9405960199973107
-0.4363337441588964
-0.4363337441588964
7.1132754476157976
-1.1178245385879373
0.4063035878808508
1.402835487247423
0.7583456330654541
0.8819116274058904
4.396754661826185
1.0284558801317234
0.13923736814240564
0.6515409678659347
0.2846612052807772
0.1736647835075348
-0.6714915657153865
-0.6714915657153865
0.11508956325404868
0.0929234376131737
0.17312176095446863
0.34527417879900807
0.9398908468625722
0.9015260235973033
0.7794173728762701
-0.6101866085271499
0.6611345626446159
0.0676197588137853
1.9376957855418842
0.8166283250764143
0.35081933917159386
0.4396924787741007
0.5525022513606155
2.1799487452845767
2.3189429003913657
-0.22658264431532504
-0.22658264431532504
-0.22658264431532504
-0.12792966375612938
0.051746317554122345
-0.3503938845756785
1.0913567688955312
1.1510691277673268
2.4780917922239585
0.32746014778894666
-0.6521142864749282
0.3763761286638332
0.24745044992891072
0.12657491648188254
0.09098408545370924
0.07448038744434562
0.331231051013067
0.3902655613130162
-1.6539800944862475
0.43512163737066134
0.0779458324885136
-0.32194798168425914
1.8136274746014525
0.29299818685981044
0.1945060521704357
0.4787376430870623
0.2632271934800079
0.46343602928720296
0.27430772926100416
0.32192785204140717
1.4050537302637915
0.14388842665096688
0.1649476347157764
1.748053238757351
0.9825357908622943
0.9825357908622943
0.9825357908622943
0.9619376589044449
1.0717327013207498
0.5729887036402306
0.7510884317058304
0.8545202818403093
0.3866731118007944
0.2747771429721266
0.13943063424616114
0.10360263086263356
0.09358902076318527
0.05594388007054858
4.037827948606767
0.3082832345323043
-0.17107171184164707
0.19093937403658492
0.16517081056188473
0.19804369733721308
0.22650391671733178
0.43374723364526896
0.35354204229212377
0.29226012758746317
0.17636110004473035
0.24178124556294917
2.1361627261298404
0.07273831073644373
0.20279200410451667
0.7824833548358487
-0.6467481032293299
0.08199644237139522
0.19874963750378286
0.22732238780587258
0.23986726083721485
0.8025686541169844
1.1977715447000583
0.09804735265460544
0.11359333214347474
0.12227683728727347
0.2220486149673117
0.14490171915154448
1.5308481065968471
2.311299818515952
3.399496048477733
2.8886378599637506
3.6068766030955435
0.7499787032430648
0.09865298055918659
0.09865298055918659
0.07880612597838191
0.11575308151681868
0.16226250770191483
0.0756385699277803
0.1827832667522084
0.051736510242389594
0.09848705614764722
