109
3.618613968091631
0.9018293589964241
0.1547215176546379
0.1354638034173145
5.610675708523744
1.1958217202461148
0.3112171620408575
4.882916047575492
5.803815873145721
-0.1067503665446167
3.315115533087983
2.095663122631799
0.48843311109450455
0.2044444563538167
4.72683404593697
0.1362280793949516
2.6428903165755497
0.10961154791880993
0.32813510998726775
0.031779913238202125
2.2725090759228044
1.3763477424403197
0.08849285698713061
0.9280090032921116
0.06377458493749073
0.25322967372506433
0.4309160940364117
0.0674764424412542
0.9560374039768079
0.6087679831164331
0.6087679831164331
3.260241127863614
6.546767254184347
0.37863268359064095
1.4829015128333218
1.718709960619447
0.9885288122037652
0.5227786752357466
0.28214054971315067
0.14811504520506608
0.1649004784121432
0.3593822328656311
0.5309843015794447
0.20075854811252036
0.19066127860995039
0.08243843357194396
0.4986068209683885
0.3851178020725995
0.3851178020725995
0.3851178020725995
0.30857294257568546
0.3874276017614873
0.2238802460925513
0.37759196850736326
0.5630893731859417
0.5630893731859417
0.5630893731859417
0.7854120327686456
0.15631906392575615
-0.5369758154369161
-0.5369758154369161
0.8773286466955423
0.8773286466955423
0.8332518952805156
0.6844988532532115
0.16192720696290275
0.3358758040152413
0.38571812260057026
0.5814983195437676
1.9451751177022747
1.1488329128924084
2.0416344626181178
2.0964288044381303
1.090430363933724
0.5606332435517055
0.3596546229696038
0.221398048006413
0.08683540856741294
0.07972901755958124
-0.28301190235946794
0.28192492765949545
-0.14159070294942322
3.962469818124227
1.148125785282681
0.45561456986736304
0.2495140183866847
0.2983924375065594
0.40481682085402904
0.48297622897911996
0.48193253951437137
0.2223226595826941
0.2223226595826941
0.05176531545695566
1.1386006033461824
0.09478919018734866
0.09478919018734866
0.16943233514297887
0.2172922987256877
0.5783771759854698
0.2689549703008024
0.3831618013303724
0.41841931022535517
0.4451549025816407
0.48939905964507213
0.13558704542972916
0.1090092683110058
0.15616104280741128
-0.2634328578870067
0.18307349288981142
