33
0.9270882950107127
0.4426205341175121
0.9270882950107127
0.9270882950107127
3.3112055224727133
1.1895695579639904
-0.6151061530738997
0.7928948718521746
0.7928948718521746
0.6817999288518284
0.6817999288518284
0.6817999288518284
0.6817999288518284
1.7096475752394122
0.31183559657803467
2.454716921410874
0.3457012738435798
3.1306001030250172
0.24235899575781886
3.18080247427753
0.10759585546199427
1.7136590022496796
-0.06328771128685337
1.2114812346463217
1.073025858021215
3.2285127566968645
0.7101800690678485
0.5904892688054447
0.78324834013405
0.586987085864154
0.5906211323526438
1.0236737455545037
1.0236737455545037
