61
2.134236776330391
0.6782972009384882
0.9758269723455218
-1.0997057599990647
4.0342625999790815
0.4108383316379019
1.4903373174255397
0.291240404481447
1.3289550025047616
3.1810193688231707
-0.4313968316421897
2.0649570581735386
0.751024649890769
2.8943108387521774
2.8779374687022585
0.708634976851077
2.7500276447439203
0.4393892332590891
0.4393892332590891
0.6810013904019806
0.9864994979796842
4.632905222552688
0.4097074503889308
0.34672081984680225
0.7996171327157677
-0.5306011566689401
0.44683157507567184
0.2784281555202598
0.8066938338561549
-0.12589061439723795
0.8733176402465579
2.3114674621777205
-0.2477951873205578
0.7782601865535589
0.9360331256791163
1.1029874613215036
0.377410195515568
2.673434387555925
2.1610299753677493
0.7218579120108285
2.62691446593877
0.17064728992630482
2.2164982900940053
2.624598170722922
2.1464856693688183
-0.7209630939864835
3.3701516397997993
1.5398235290627809
0.8084370318026234
0.5406779203255756
0.24161215714288845
0.24161215714288845
0.24161215714288845
0.22237667830575344
1.0078442081262082
0.39699933254151654
0.29825608479501237
0.31862506617773356
1.203085580081886
0.4631105771504685
0.5420643681865389
