1995
11.139159915468
-0.683655482089333
0.1604611332388998
-0.5223569670833333
13.247121477778492
0.17807775360527933
0.46309288260874437
0.2120092690155269
0.23206060475930024
0.24962871878291756
0.2642446932152746
-0.020651390488414523
-0.020651390488414523
1.212417590542257
3.200545591279356
0.23317374055245993
0.5995821937252831
9.39593821162186
-0.013875992005331732
2.8672009373452516
7.6533016766192015
1.932550732315048
-0.30716157396491706
7.856659408295399
3.860081834624621
1.7637642942701242
9.137921702873985
0.6928948246818751
0.6928948246818751
0.9142669556493684
5.1643657656292685
11.26636186601301
0.06504242026020944
-0.3698471387200526
0.025416148382566124
0.026541243748860452
1.5622828053001832
0.026953439936439207
0.0271316524589209
0.027204286445798274
0.027211880857125302
0.02715172114553948
0.02697364948370472
0.02651711240576328
-0.007654267094049799
0.03251757496070945
-0.3102875420888565
8.535987490459217
0.02888278787434941
1.090820085228557
0.12027948635052971
3.9507215606997694
6.466152168019198
1.2736267757119513
-0.9731368997871799
0.3054878792778406
0.3128684308496507
0.38845143972520385
-1.8753672745073036
-4.013516115558672
0.015793308800116087
0.3744157423186643
0.49404485014891236
0.04758093577679876
4.112008250780227
-0.7542873138469941
0.6988072841889172
2.0162147652288693
11.261141270470317
6.654958859710101
3.9466622904236917
4.6934900218120115
2.159081119555015
3.1888610918350673
0.023933717765716074
0.2307691831101299
1.331570041469675
11.104562991867578
2.1563698612286206
0.7462052841724137
-1.0035439853718329
1.057597456131934
2.3411073433017626
5.001526870513868
5.6750830746894305
0.004658387400607841
1.270998275273309
0.6103529333836678
8.10411371792247
0.003182295732626505
0.6100134658356873
2.3549320454671805
4.359159341061878
1.3588369605758195
0.0811122905593518
0.03220214849661614
3.025537768991925
0.04976173807254045
4.649407620769677
0.27227967114611346
7.6326113498510715
0.30679413244621906
1.2574741169181656
0.4496583856937881
0.0790142240327347
2.9953039788243006
4.309590823805717
1.563001756032785
0.4125956194092308
0.4139213816695197
0.00966844578169679
0.0035592834932040365
0.0036865569928631525
0.8169087840841913
3.1118903330453276
-0.2311358553823784
5.044992764641852
3.524304400150435
7.0828233367733615
0.506812015414318
0.2012416105004642
0.015793308800116087
0.04758093577679876
0.027919662031341747
0.028663801101728236
0.0290957195360908
0.029423049256023775
0.029693371670592314
0.02994333058242737
0.03020906720686944
0.03053594863740184
0.03099524085773171
0.03171483803936883
0.03287668938642353
0.012686649341009881
1.6268505016787107
2.1221925407030566
0.0016355098262530868
0.001762776958276467
-0.028209257689687947
-0.00392117049922544
0.0059621146280071724
0.41161071217831013
2.717886287165108
0.9958805121950428
0.027658821249340163
1.51380393197566
1.5212050369037582
1.1986356474843571
0.35062993818780125
0.22165565918961597
0.005892233161925181
0.00914078253169652
0.04005213460436269
0.035968632898179385
0.04410948135790571
0.08818928052724131
0.0482646260848108
0.08364002036104978
0.09830568946718436
0.07303905613425715
0.07350528511990202
-0.0035719027462069106
0.10880778694673218
0.04629624336914171
0.006668527798878373
0.007535536404267246
0.004511308130511645
0.00618512232771416
0.001417822038705273
0.01681054052685238
0.012322490880343632
0.0074284437664640076
2.7737638540695393
2.207675308192754
2.3812069713748087
4.433088776590629
0.559609132330176
2.5626307731059557
0.7992578649671239
2.8218884293339213
0.22486833241373222
0.22486833241373222
0.22486833241373222
1.7523984135636816
1.7523984135636816
0.8998836570738937
0.8825849915687897
0.9403171041911152
0.9679203501294963
-1.8121360259484476
0.272450491708702
0.3953179043536597
2.3814453440528904
0.36996188882039877
0.05017726880271016
1.1049081940511738
3.6250399221521175
1.064636330662928
1.993583011534184
0.18498615897177112
-0.03642605828667097
3.1527520230462462
1.1004905179462914
0.31143734740393514
1.9838988877242887
1.3548926405544235
0.005347274154349631
0.16468564929498158
3.88156821208826
0.0023406909920824026
-1.1472291953929643
-4.00491496577183
5.640413582335645
2.7649645324946963
5.156373403673052
0.004403933736685089
0.0122694955593286
0.10257344410052177
0.45298882295085835
0.003735020495152736
0.002433421823483685
0.12983183962835293
1.2228760467335156
1.2228760467335156
1.2228760467335156
3.5940619745571154
1.4772430129028582
1.89439610124194
0.28543796236403507
0.03926593754372469
0.01946905819007825
0.014662772651846335
-0.018107707846110925
0.01667721396690976
0.017857012477130202
0.06622186384113611
-0.004554543281009056
0.008265114678322083
0.04742286337316347
0.026465065969338498
0.052978609674261844
0.04012196836490377
0.23207249288461163
0.26620251177298976
0.001125495663502557
0.02675695896149658
0.020206241442780198
0.06577234309009829
0.03365318223053551
0.028833681300112338
0.059744489610238934
0.034952571395176664
0.5793033943051475
-6.671219701516018
6.5839686364612655
-0.2652468117133988
0.010009215679932083
0.06457884099689502
0.05401934303401092
0.03665894719734732
0.0623606154697225
0.07764908190572736
0.47485669717353396
0.5970419408648029
5.75278727359388
3.6422617150103274
-0.47672677379329575
4.08911398211741
0.0038341805155043176
0.005190327727749494
0.04879271347532196
0.008980303047516527
0.022122136335529053
0.028689994736223003
0.04138492545109598
0.612365689966436
6.248750746029852
1.3686921113550026
0.4578767336587894
0.0279691429243729
0.031207758117752605
1.0278736418284322
2.0073710464591747
0.2822894116559062
1.2071720707202291
1.9076663404513097
0.8749222809557912
0.1456731125957671
0.0015230223789537403
0.0015311029282554572
0.0015362490203172572
0.00216338978999438
2.4766407871756124
0.3680345791637253
3.3262764322646983
0.1664252304960582
0.06696731053068611
0.11683594275753179
0.008545116971736134
0.07766101525239752
0.0035467179077928977
0.004170699719600228
0.0122101124224289
0.0072235169647709915
0.010556562778118728
0.01157148148228972
0.009078113722066235
0.012812579584551273
0.010724948355508091
0.026509447729570704
0.05138928575544664
0.5039262938312694
0.018505198952223016
0.019714741395911624
0.016113618288724534
-0.05396873771707347
0.037324871169155345
-0.032954913102288375
0.029556374888221104
-0.013162110436060866
-0.04587601559789029
-0.02844198164289093
-0.011255322783852505
0.028536803398977396
-0.06310687098084759
0.04479265585179416
-0.02193673706914154
0.024316795581508253
0.20427181720106216
0.0015906747477630251
2.771490410294605
-0.006731067677759501
-0.006731067677759501
-0.006731067677759501
-0.09472010000717755
1.666266220730461
1.143261180621509
0.002678282815900846
3.19642074690751
1.6657450169194479
1.9379551998746873
0.020542768436687762
0.007026145760384452
0.03477974337257525
1.3742685536511516
0.008242399048064139
0.2535327310419987
2.259795861273786
0.07431413122876211
4.593599539882713
0.7260189421491217
1.7378853299687347
0.6667045818133241
4.595429455846785
0.6551120668386757
0.008219247101934724
0.914144372633158
3.0139997783538233
-0.09178728448642587
0.002166828821292219
1.4938753081658527
1.5020330906090593
2.7050247469609054
0.07756934836994868
0.014499000423210071
0.005838662147522034
0.004934532309824471
0.009309847165721002
0.015924722773859975
0.008947485876795796
0.005662606185348734
0.021798114979256725
1.9414863307538723
5.435426065760049
2.9176685197264156
3.0100750650616606
3.020848889613879
1.1666824306864056
1.8768004649040422
2.8611468493136765
0.017393675763820025
0.008668140196127045
0.012314833525860922
0.02694130112225228
0.011261066640681891
-0.03982641138924432
-0.032263685578130905
0.015371638477207392
-0.34934202599395353
-0.2247186909761167
0.006467288462898915
0.0038457416036545644
0.002410675741680308
0.09857449561268924
0.006206849390423271
0.14442706572295327
0.0056233263861595
0.09530242489537688
0.07700266581565844
0.26647290197937723
0.044361643429535955
1.322683515133792
0.03295844016365548
0.0030484101786909337
3.09699186417019
-1.3751972859925852
1.9326568893069715
6.189580623285498
2.108805905549016
2.031214448772662
0.8761721329393467
0.08104490411689826
1.5305021695159133
1.5360082991315263
0.04690898389504027
0.8196823740635497
1.2516273922535255
1.0403321365499028
0.9833352263396006
0.03991215631059541
0.015793308800116087
0.04758093577679876
0.05495733774898627
0.7969257492884906
1.044520954760764
0.0274069935246824
0.03328176862756892
0.0035714567812360513
6.131736213253863
1.9721944642634253
-1.472921725311423
1.1294150041740743
0.33164558865044824
0.03107878320337287
0.0024974754734404317
2.5769591476931546
2.236047098389411
0.9976686480089956
0.6179036948650862
1.8103500665170107
-1.6786780468723794
0.008962431828057331
2.139911201481271
0.0031615330202297313
0.08562910729102616
0.09824119661352322
0.06670216495520877
0.06642094529514235
0.093863379395589
0.09481638314107128
0.003379810339284277
0.009588399172258755
0.003363593350832052
0.003644299336055257
0.005995693869291612
0.028427013255018434
0.013806861003450034
0.013916638199582375
2.432478628582178
0.021366421283986307
0.5190582554789314
3.2707123416802952
1.3727361666863886
1.215361446216793
-0.016430120974652972
-0.01722649107725657
-0.02183379534636719
0.23934726116962315
0.17994682646417057
0.03845271003414786
0.0019029306788837352
0.07850922966798207
0.014831761676505628
0.014674558092068244
-0.014189789815951025
-0.00671235435831535
0.029849450084762405
2.0063246471432734
2.2636271494709934
1.546036234611313
0.007147021767594625
0.1093149018498632
3.3716140287101686
2.323988085022371
0.02873983831694756
0.004657516925140483
1.3882437568470891
0.9608782608928289
0.015793308800116087
0.04758093577679876
0.03178036378661001
0.7408242224871615
2.7661675354094495
1.6278037860096721
5.168577151750899
0.00419345645343757
0.0034384222083297094
5.729728124975451
3.174401261196665
4.655227478434457
0.007488118935368756
0.06975219357925491
0.13426106665683563
0.19617141761413032
6.8468594883185325
-5.584825388136014E-4
0.015539181408825367
0.0014261780953417473
0.019771565200888595
0.026336543867802736
0.0025147429770591583
0.0026467920420424717
0.018196905393198157
0.02540121200915619
0.040886487833685876
0.0027484376294347633
0.0026969471157913057
0.038105130403458774
3.6632665722280526
0.8078585609197632
0.013740640589289884
0.05975921471343199
0.647803369924911
3.3790057648294054
2.4555209824748445
0.007130500873178849
-0.2108337317558225
0.002829625979322278
0.039933636371765856
0.0013354034614647486
0.898508953224278
1.0364608191794902
1.6737547213904318
2.8311045740029304
0.011538031894276093
3.5828283690674314
2.325637550710486
2.5457261695776316
0.1690316510937734
0.26708069155330827
0.09059134491660005
1.0289642917468262
0.002222733213370296
0.004763306330488622
1.8902666985192715
0.8866873342951813
0.0328433101061585
0.009387008710682642
0.004661416574014207
0.2186434706570309
0.2186434706570309
4.736866989613128
0.745856020546647
0.032413464947737156
0.0035592732511136324
-0.04700584136272437
0.018884426958212477
-0.9294931063008565
0.9867007814163378
1.0601843806976743
1.1891507399329102
0.654508339420219
3.082440667461845
0.04440415264808359
1.32285918704414
0.002369778223197431
1.1385857452815424
1.99476071764147
1.3056699814193737
-1.1311053076202477
0.005865390768751408
1.1457798436061537
1.8273025985260387
0.036281686238479736
0.010584311757368294
0.0027030970932417553
0.004900766089132873
1.8114815924447532
1.5791317038541912
-0.8837557632087688
3.3507453682900676
1.6621038389003495
4.651076006939273
0.008384420690433906
1.7072444333947405
1.8265042732815961
3.220710600806233
1.3652726670231745
0.006106875867046339
0.00222696743468408
0.34598109856406395
1.5042392783160854
1.6929981827896883
1.3179134297534134
0.6203652005894645
0.031043225279325123
1.4414649520673064
3.7352572923298557
1.1025921528864862
1.796350750295001
4.94113267283924
0.05734837379318938
0.06305330039095618
0.24809464053317623
0.16035853152025556
0.061546972698109895
-0.1156544285052387
0.45839267869922135
1.4362669161185044
0.3169956512316446
1.557604309253776
0.010088000658057284
0.2778106686683345
0.01042608079713823
0.016829261869238946
0.027215167767247823
1.696646511582588
3.1943304720575374
0.001364485283082439
0.002749931991611051
-0.014841208351936367
2.518910457971823
1.4228519072171728
0.38405330357412054
0.009067070906880631
1.588044181596229
1.6769418017935633
0.19906341995556037
0.2010001592808848
0.07111890995751961
0.04744947023144546
0.0032883749125757803
5.3301448392383355
4.608138494089976
5.801275903627756
0.002448665587178803
2.988487776846539
0.8032894279322623
0.02943830102855959
0.0014725321802868834
1.1172774074047898
1.8250467982999348
0.005213275362584352
0.03329271678215395
0.003046427943560682
0.366482749971834
2.5144353614753214
0.10604457686755271
0.10527911810712075
0.014849523795887165
0.8813991019637105
2.550798499851052
0.0027775316066398553
0.09233785422592161
1.0324450617113847
0.0019665681397928146
0.00914563371810411
1.5203549867359862
1.827145383853734
0.48167639026597914
0.0076922226110057385
1.2437263147726851
2.529661285842517
0.3169956512316446
0.03584748739591068
0.03163069703588234
0.009108541009910173
0.035488474330717376
0.01884875586134059
0.61737173370913
0.00228834184464247
2.3491009657917536
0.97266529231928
0.025455605120802298
1.1158309581430403
0.006512139312118758
0.007001835949705166
2.4540146453530505
0.7988052555676498
0.0017057043604740687
0.06170387524580911
1.7684588983391973
0.949126296330421
2.5863703888750273
0.019003085836347695
0.017471980138169214
0.024881232121701007
0.0503744990963302
0.08162421242441771
0.00680873179392343
1.6144239927513522
4.016273800821589
0.4193584850847521
0.06244478114604589
2.2937790310385013
2.6743739200836214
1.2329880155386779
1.6914202736864579
2.234903993558419
1.949820517203175
0.9529451746732166
0.027922873969107163
0.04837974684000021
0.04653023772750465
6.346846316409306
7.751452578113911
1.954234355800352
1.954234355800352
1.954234355800352
1.8703727811151325
4.509142138524916
2.286203872549816
0.6728672832422392
2.6674967619269707
0.26480948424602235
0.027674518184116502
0.6181105810486773
0.7983915820476486
0.0037251835677577358
-0.652137510218218
0.019684279153047664
0.041694960872181004
0.04264689225789003
0.01869508441429377
-1.1322381538883926
0.0044969549679919505
1.145288702626942
1.8262303098897388
2.7672781716835777
3.2340770289042573
2.5991878928597143
0.5918404640943391
0.006774508803146174
0.002916865530032597
0.0064244158359747445
0.003068046035893448
0.0031347817882386745
0.003392079631026783
0.0037175454792420935
0.004363466220821172
0.16099634137183672
9.613575108379278E-4
-0.011534666644598452
-0.002473862269445466
0.0076006821973133715
0.07712717469183537
0.002310636475841003
0.16681459593431916
0.004476826515029267
0.18369294245910595
2.1503249871855235
0.14817966830089951
1.7230751886967108
-1.3415662902662797
0.31830711136482015
3.5224402004040187
1.479715887800817
0.008230671554040055
0.2033032619048461
0.001590695358759362
0.2918580619145373
1.0351130111927698
1.1176118827529684
0.32891455597631825
0.9408004696073318
0.033795781686525195
0.027235196433517343
1.9140084780156357
2.864093364417714
2.5668700018997783
0.07580414984053534
0.002002866427571471
3.098283111713389
3.398147811996738
0.04742937508374696
3.346005479125015
0.42449407641158915
0.017051165740395516
-1.1755352130368861
0.05609465826219678
5.613912633263217
5.9312788119511435
1.1571478450144999
0.32117459904515827
0.8761012350287818
2.7870730916241704
1.52631275576847
0.015979661278329255
0.015793308800116087
0.04758093577679876
0.010984290462806735
2.2793681933199426
0.16683105424730835
0.25098219543153905
0.031974216926858985
0.11265318863352028
2.078208735942791
1.228333198124569
3.5103875753931635
1.2378272135147228
0.006837454399849148
0.010271545632393238
0.0567812162196878
2.356917787973913
0.04059996521080705
0.042780929448604434
0.11957573812857179
0.03979175285791625
0.08159478762653491
0.0405314583035761
0.45630820419600066
0.023497727504868025
0.007533015754248634
0.00892826848288161
0.0025742572591225628
0.03631073535861005
0.5664842908968987
0.5793956676043365
0.07831542736622488
2.6411068939076876
2.3125564861026966
2.391918821409511
1.6268054574696411
0.4306343753722158
1.4361026347076746
0.1501467810645637
3.5044035846675543
2.953533139856792
4.0401698300489235
0.06726793006867042
1.1555968827709258
1.1833824637863972
1.2262732246635293
1.17144963674677
0.3265635265945325
0.08098234469695291
1.44603041448281
2.517618723746119
4.418754705903453
-0.6393914265932159
0.004851617785709855
1.6300998841054315
0.18864854433934547
1.423441706049303
-0.02684404158236519
0.0021687870095683215
0.903057894312782
1.8838351329049496
0.008761952330634655
-0.38353017310279897
0.20991629005247603
1.4333107374898346
0.005849127960926302
2.050037114834341
2.498773535889773
0.5297048808737671
0.04207046871105448
0.0248670710136955
0.008999313961801439
4.614184855732329
6.056376963157561
2.265382160132748
0.8137546762193966
0.044132272795530315
1.8496552124429622
1.6331840790387167
0.006223739617015669
0.5012120042764203
0.7857755838309056
1.2478766132954968
2.501757114297837
2.4779616628704146
0.015648947876505497
0.012896543596686684
0.0020778055077727243
0.0021902690912938712
0.0755511628001806
0.04677708040438452
0.04039013489015306
0.7144424569463076
0.033014907693721014
0.0011329514790817707
-5.566297764492731E-4
0.0044242429755515745
0.0014112423524754044
0.028519315437859967
-0.007280804328816054
0.8608011700563807
1.8363731550212492
1.5894925579529315
2.0421821948662284
0.2148371763961867
1.2030872781152067
0.007625465964515541
0.03474722020189058
0.44279017356921735
0.7144642072394276
2.0821327684363493
1.9606645151447675
-0.7685252773401178
0.013967339933745448
0.0917785528231131
0.001478576340296035
0.562425842207837
1.6122557651105351
1.045925743734524
2.461785062505745
0.9412562153943175
0.020524663849041155
0.05533247057946892
4.945470071824699
0.41353742114132847
0.0013452491748936822
1.4751336325427373
1.1964328030173526
0.007811944959878416
0.08869215182617068
1.5670078566164332
3.213083864209925
0.003496688925675717
0.30771427266100143
0.4129964996619019
3.4984456177099665
0.11666782288454194
0.06918966228547375
0.0022523498442493153
0.048388429641840466
0.41151053447971536
0.0053227077842317875
0.20644781841077026
-0.0032857389360894523
-0.032613927950271265
2.0248512293225134
0.0027394972739402043
0.006593332354908205
0.03452044486025763
0.00404656036821197
0.0665870276854251
0.9181235166289683
1.0413365364672336
0.0021051104698215804
1.3030185054413181
1.191930646648341
0.002826844037072528
0.03702697051087048
0.09082902242342902
1.6886672084526262
0.0066267096026582165
1.0537557674035896
-0.29541074416325963
1.0418876483449229
2.0795960340728894
1.4277640970219518
0.1067482427481822
2.183220161751107
1.102408897578141
2.0375638827664995
4.703251738241909
0.32896247735841766
0.186751665922875
1.1637550180854763
1.90271688251441
0.9494670266419215
0.10490404262023975
1.4749921975928892
0.05813525927581223
3.2588291713743143
0.3613219377161845
1.1235879641185165
0.8061173827242499
0.09816740046723724
0.002434751322815542
0.0028777761018461785
1.9711437674497985
1.8689011830089979
0.0026136506122372313
0.01831409155307383
3.2765391570711193
1.4550702787378567
0.41437724533302045
0.4942052065145108
3.041858448678609
1.6661027034398033
1.0421219375938056
1.652227802536809
1.0797126094777798
6.0136261291642645
-1.151922166331929
0.03277599141033565
1.4550702787378567
0.33035041878377086
2.4604355674483607
2.007076685705658
2.546179321093032
2.485187890093633
0.002595868229790082
0.30373419390264195
0.9336722199290014
0.40398276316724385
0.0350417664241113
0.1903813001203139
1.0612750644742492
1.457707459402564
0.20767480689248766
0.12244384209146776
0.0020891836685056147
0.7250274290727438
0.16696769504426984
8.16686292237565
0.7147153491366252
8.734451943084585
0.004485241403076434
0.004684246670424884
0.970984264436179
0.0948042210578538
1.05776998744899
0.2861725178897182
1.5132759722978917
1.5187641214160856
0.005539970592523425
0.06500714898075581
3.4335893644059814
3.0610545609771878
1.4017574557995112
1.2705949293613275
0.009501824927538451
0.41301336869738814
1.1184596466099872
1.8262030341572375
0.9406594588988706
0.03295844016365548
0.0030484101786909337
-0.639440988586598
3.8479065131411008
2.146956416760563
0.0031419305847166915
1.045549119339943
2.124252376703799
3.0726741068755614
-0.06425168999040182
2.435082057369385
0.8070273985731774
2.0857326971471934
1.508104151414879
0.020826200730358266
0.0578566483609311
0.23455146739843097
0.0061313807634456865
1.4675075491012546
1.7580519415107767
1.0994946854957128
0.31106213896431667
1.3789527145078642
1.1448993530080145
-2.2737384475473275
0.3622219958826354
2.453652036173685
0.9499993857798666
0.04037622881192754
0.001558059073882043
0.20325225951401835
3.222471123473573
0.7072978436216368
0.0021874164104111996
0.4114473769156601
0.28067648413887236
1.256908004572027
0.3530634825969978
0.0021586182950193845
3.6629805505177573
1.4691759176159136
0.22234350811704634
0.5979013372923682
0.6549630836036824
2.460130667579003
0.9399206322683739
0.04054792962974785
0.5478329629709029
1.7891837056899287
1.6943245671218214
0.873491103658938
0.03452524904903244
0.036974119808755444
1.4387209019959872
0.04436941501923302
1.3226810076434905
0.048424149301579664
1.9456568749882013
2.9052419770731612
3.206231083180489
3.200982233478419
0.8743148197767745
1.404198951399365
0.011479940488062574
1.1903327299636663
2.4189297305867203
1.9909508804869653
1.097473320500313
1.096972737257905
0.18926448224050782
1.1463820325332592
1.5507425033181126
0.4851149060646048
1.1098034238149515
2.4980272106231705
2.80800662600874
2.7942796621944948
0.035803861994596294
0.2636883384939691
-0.044865844107138765
-0.010381771304684213
-0.016303486658846834
4.7632847624594213E-4
0.0031695336806021337
0.9018353868026673
0.6905278157312916
0.005592629862087429
0.535671395082173
3.0780374746921093
-0.28705080086723667
0.050019711436001764
0.002853807605309359
-0.003331186350433521
0.181237781591615
1.7511020028403568
0.04735494162982545
0.04456375900153189
0.6210614561746859
0.6129941184078189
0.7289299826022277
0.1211796841082839
-0.5881800704101711
0.016109511208145487
0.015068450713732848
0.012348616016037147
0.011888337591909201
0.011534757709151074
0.010962361400103027
0.010506745415379133
0.007956072854519157
1.7295746013189177
0.03283009185250311
0.04897796040135583
1.099177988729097
0.30942925942178723
0.26208112142341183
0.04586768841594027
0.09664371331242746
0.013268068940787442
0.03991215631059541
0.0327861387751231
0.008281037414381834
0.007513322331516338
1.2262269445432705
1.9462739340257522
0.4165740996142609
0.021598723372778756
0.021272343432922072
0.007426536355845261
0.40235549081779165
0.5559717446110859
1.3569798372209732
1.266194149374342
0.07725695234579864
0.009177803483809942
2.3331134467001458
1.4557631109024798
0.043264298059657064
0.2726777440065275
0.413313342744813
0.14312670158462654
0.0021738575852187866
0.5089611391191414
1.884189249073664
0.8641414647694535
-0.8862573360434158
2.1537948990220768
4.28465935222948
3.403949010616817
-0.7106608169261973
1.9099104152232784
2.345462579280826
1.938199813879553
1.3279421815638877
0.09516729812194381
1.062192322328972
0.0927838652928072
0.0021348072531632302
0.44554847041131695
1.3304034015750945
0.0027050273335250995
1.6404408306123985
0.5240669770753117
1.7288054389881324
0.00979388862759536
0.028358175907272822
1.6633081857154621
2.140314260402109
0.4115834640778229
2.4567802061015414
0.8160146309562007
0.9319052037483638
0.04027711506645486
-5.36394145939101
1.0627931500129473
2.8255340908960416
0.10157658416777501
0.07094524568109456
0.01689410807047029
1.2751546054777116
1.5934406347283006
1.4921600198256357
0.3917702937743975
0.6127058829557953
4.340450794538575
2.2835080704812865
1.7493149104730088
0.1959790937578647
2.4331503121994134
1.9672798060996983
0.39877553405278937
0.6755669957229191
1.921481022869696
1.0284337202175755
0.166317450406779
0.011247892250340213
1.1165159837702479
1.8242956335298017
-0.004989086914861665
0.04169454544034901
1.6318014637530032
0.038716730863667725
0.0477019974107594
0.0018613813138443716
0.017395876726886
2.9965658677765394
2.7185391637721557
0.031188533637640677
0.004055675845496881
0.6362739525410018
0.01094366707569076
2.279541458427269
0.05685413813753157
0.001924628256151686
0.031722133317459586
0.4365569670897579
0.5157629719276682
0.006228830691964578
2.2203155163464574
0.0037919174279468647
0.6771820880943671
1.341187538415505
0.08241501955197601
2.141583028018046
1.2126879039252436
1.8787344827180648
1.9395027747359304
1.223343157611936
0.22948702379222227
0.21940708229203534
0.20925278554668061
0.07546764149595951
0.36018236459509323
0.07626886732411203
0.0750141003076368
-0.19326757709962528
-0.21709566577982933
0.002565727001740436
1.738331937102055
0.0961049596441617
0.01869298669696084
0.003964845929668647
-1.0818424363286283
1.9905685331708638
2.188563077774412
0.8164445163447154
0.7755038573475328
0.7259056704297976
1.6890246426170292
0.007133663189124474
1.5611599930793496
6.275392889617804
0.28603000574472637
0.6995841591154237
1.4041382996677987
5.964870770435496
1.0833176353446097
0.0024467231510540803
0.03614397633992986
0.009751651883722156
1.1326295558506552
1.8196748597099437
0.03886069247997081
0.043944038249149886
0.009422569227618112
0.019546590994392817
0.02353721809088028
1.1617184458470495
0.17356077162092864
0.00281644207941193
1.673215684042306
2.4470665589422436
0.004630088808364354
0.011553546230918232
0.015416162898905685
0.020600268139527606
0.052852622087190784
1.0988169911913148
0.032449111989035356
0.0021670390615622192
0.20413890308789545
1.098435716870075
1.6214686967078729
3.485904879490723
1.5026443876738858
0.4201065364392974
0.05713897675483084
0.6818243955610196
2.7241159340385774
1.8011404544787053
0.0033633653173351734
0.01048578858649518
0.011091886271162133
0.0027769767369665295
0.8021835055325618
1.1965099538175799
0.4841789195062803
0.08009540239302129
0.002154211099986607
5.299899030445223
1.0759705810977964
2.391844814356352
1.3352301683133259
0.0023624626368705178
0.033329396493276486
0.004027331363491625
0.047430794345609616
0.037380172893925645
2.420816963659657
1.6459624774539836
0.03901758528857574
0.03535296096126143
0.00192720693280486
1.1833240050003124
1.8737393414359647
0.03210691475007601
0.41511477672514024
1.2629661100930893
0.04944154999161796
0.017095652578884967
2.6107256546102913
4.080906656628766
0.0019045928841087947
1.770510202035478
0.010570288700314357
0.03531715993441178
0.003645318984699541
0.003694838119217436
0.040377720548006854
0.0038747318228141013
0.006813873443982754
0.004058848519709755
-0.06662468330507534
6.61037042284276E-4
0.001502703988463251
-0.07235961219871834
-0.0857056442456099
3.5010374890301548
1.276647701260963
0.048091089259685985
2.082033941433962
1.0619461658801372
1.6560553520918289
0.9844277468313162
0.011119317344136882
0.1266412235627044
0.10954078888715893
4.487636043160647
0.7716867984997792
-0.2553322997837707
0.41175492940909
0.3064083830514634
0.04440415264808359
1.32285918704414
0.002369778223197431
0.12396519738036109
3.4246895581295798
0.280276795995265
0.010014697031934711
1.88505017919622
-1.2913030679602884
0.01566669649626674
0.28945170185976443
7.125781937298409E-4
0.04037622881192754
0.001558059073882043
0.002160736863904003
0.04285309931200742
0.2706174774605315
3.698768978207229
0.0020197302393393205
0.09080734027072375
0.9353061739046549
0.6178236294730646
2.2886947156786412
-0.9201582632834795
0.017037164942943696
0.03917627485729655
1.5629473581800248
0.009324515346549465
2.284517554509947
3.086427315493123
0.3480660310974671
2.581484857520113
0.013823494462547986
1.6456364866440838
0.9894656038293622
0.6605806352176188
2.3119490142674115
-0.26029544084327194
2.1854425514355227
1.0535679568132112
-0.003363091772707112
2.9148948753723842
0.02684787745516908
0.003556569208041153
-0.5848077274302967
0.006669582611941064
0.9853926752397387
0.20661668419636053
0.1326082626847062
0.031043225279325123
0.0026000710020492356
1.3386663232642753
0.9543062283841061
0.0023121810480308696
1.8134240978764424
4.566341476160217
4.631963454206334
0.38704420225807695
0.002256875735333879
0.0483318745599012
0.045680502105897795
1.4939590214896457
1.501805317517303
0.00914572277751301
0.010192934297172015
0.08978585287351605
0.0033200107185252167
0.001678786976410829
0.002210066260118408
0.8881940060058338
1.281078508359509
1.827017860423905
1.8447311525808803
0.49613379596727863
0.06774552731111813
0.12594627978388517
1.34066130235415
0.0040179225674793085
1.733723091983418
0.38934002115436006
1.1165128570976266
1.8243193762941792
1.9583878334766798
0.016335089294363954
1.1690079181761541
1.4963725759596487
0.03277599141033565
0.04850711190853977
0.06334313782694141
2.2741762645674304
2.9019744391163775
4.4217093267378065
0.032843174499288336
0.07051904768843023
3.2968824164073323
1.3066095190550746
0.10586018823847199
0.4398253011838021
0.03787929618094983
0.10494796100154788
0.042668020877722417
1.5602571994746746
0.9328270002933278
0.002950360977226559
0.8713603152054789
0.8132374409869455
0.03991215631059541
0.7866948675583517
0.0038037585392983256
0.048532016510707786
0.9378526352151685
0.01649872613117115
1.7399066340909228
-0.9284061072073408
0.062445991314514795
0.8129408172159185
0.42262048963217236
0.0026718764479764664
1.9415020997286996
2.2942164035507
1.5523130304654242
3.688579481905982
0.06734099510017069
0.002401678041439643
0.0019994826496480232
0.7994989971575044
0.029707436468563726
0.4005678598757207
0.3926549952234249
0.7560458454416804
0.494767780329102
2.922904810764355
2.6581274182350576
0.2959120208894521
0.047458869106075434
0.002699146261287522
0.0035542017907279704
0.004026824549564283
3.006337953878951
2.271749084810353
0.6663163503846586
1.7585178004775992
0.5118405151582771
1.5996607272126078
2.1317594481454893
0.8031074954009992
0.032843554956066466
0.006604924941221757
0.026753966054673225
0.06580925244780901
4.408217348950135
0.550654891940854
0.0027666409437022655
0.03997705857482638
0.41530310674139825
0.03278900307435015
0.18469875469641994
1.9834158270313296
1.047525843428225
1.1680624712653276
1.8800581858225702
1.993047578046342
0.04923215821518987
0.04959057036289396
-0.3396939555742899
0.032018121504195474
0.03311080115135451
0.00221776075872486
0.19355092420183162
1.416412730065772
0.7422192988599
-2.967370928863596
4.656424662448153
0.048860193915992556
0.0014004452002274303
0.03275938630610599
6.992515991992718E-4
-0.008546153228758766
0.050271488549803754
1.5005732389855984
0.3936926257757796
0.0022039586793853876
1.5513610584968287
0.877513453661796
0.03314812374124637
0.16904393334580445
1.6200020388535374
6.278618549818393
0.006231908638159159
1.58228359253722
1.4208439677625126
0.4545429174521094
2.7940775618185413E-4
0.9263214165565798
4.607983374739964
5.792389721318245
1.2418627825044448
3.7884482541967164
-0.301070664410156
0.10807881754877016
1.1971468333897985
0.33453490666943575
0.0462494739212475
1.3241693866218855
-0.00393218472144844
0.04846015158015535
1.260029830280456
0.4115890028782809
0.7088887678875166
2.1985589595004744
0.26226283570766357
0.06688620654659204
0.0023110845882430794
1.0951220696143746
1.9798949883192047
0.006967585477112262
1.2889579451190913
3.1886103382919884
4.034736950766239
0.12634240447695627
0.042334948666496314
0.14043936122262374
2.7469412569750578
4.969915893140956
0.6398339978208736
0.06403479781498082
0.03793885235958406
0.0019086888528581146
0.03531715993441178
0.04180260340300159
0.002240605032058327
2.395150709282503
1.9247357847943396
1.0098915597158156
1.2979329478158426
1.0666345985484094
1.4330058200481057
0.3855798117965429
1.2859967605604263
0.010869142095739732
0.03283348732433699
0.03278900307435015
0.002932329095899238
2.009185055205524
0.6927890500421875
0.37852027046907816
0.0021928609572140654
1.7139954232354093
6.90593858680298
2.922230649783776
-0.6920765539179856
0.323859066878223
0.020365311314357707
0.1760043175200032
0.24828322595329325
0.3078211740154514
0.27121566644442224
0.21926248782128735
0.2124745474926885
0.7095611422798468
-0.6547706534698083
0.21080312418553998
0.21256260155036835
0.9675305562984926
1.313735248730877
0.026555437775561467
0.009799745759607553
3.4482146052584706
4.806458791181639
0.016052933245803293
0.0027627572287682338
1.0936269979182955
1.5464473452415328
0.16065319724964247
0.0350763858957195
0.0017161787891808319
0.053109600826413736
4.6073958741254275
5.787634821454323
2.015086042176701
0.002535062900737453
3.0678303417396036
2.446429721506767
1.9848918216507803
0.002646841881567443
0.0049991633761344734
1.419705009315158
7.87634857100682
0.01897152449623153
0.007936696872036575
0.8946810148369501
1.2071306144488418
0.8742979939842151
0.008642907530497101
0.0026296168659747437
0.0029585392463743953
0.003927444887852479
-0.5191398789008665
7.1848248702493684
0.04261196594344342
0.031043225279325123
0.26221349513396774
0.0016025247691455362
0.0023973240481449335
0.04910020134953866
0.7496528321461731
0.6049108389182234
0.003883240483031843
0.0964908583491909
0.02367397138301994
0.01531348861001235
0.0021815026183565896
0.6826248269483404
2.724065121720134
1.8008906056243952
0.2210560806236207
0.006765985449442106
1.7118545358296342
1.0991452992600346
0.30938609101868825
0.2515953353248661
0.01795447797511779
0.4927466534105642
0.033014907693721014
0.0011329514790817707
0.4131490691946535
-0.19080478193419154
3.877413671550314
1.0546496554448097
1.5193809926714006
4.6432101978974245
0.7368953894350279
0.048761973711340174
1.359454296765086
0.04249949447151707
0.009521277909437142
0.0035070121908266573
0.0059070424985783075
0.14132543125506447
0.2602780627656846
0.5140657475083751
0.4115760406187129
1.6345393804629598
0.8643403201533182
0.8275348545820588
0.04743070285607374
1.17820622873358
1.8769308467906782
1.5776298158281996
0.049861052333151405
0.002668546294484595
0.00621592257012595
0.07210901127701948
0.6938895492499532
0.22461494939695956
0.04037622881192754
0.001558059073882043
1.1165172167725328
1.824323810350607
0.18831679449397043
1.422654537028742
1.6654904699543343
2.2392784640673744
2.260542978952951
2.22813311658365
0.04031067664545592
0.04742582221316586
0.39847317092624035
0.38415932473798725
0.0024680103022564396
0.00299272509581246
8.181996934104346
8.726853906215982
0.0022500799080776585
0.11153408467604409
0.4546465024167108
0.048938442952827295
0.9521711733472962
0.011665125265943007
5.52129009329899
1.36040061374159
-0.2893294958140855
0.019290300798874692
0.01735729044410313
0.006570849240348431
0.0021511902159317246
1.3406965601514331
1.6671565439759446
2.5313217646120902
1.9421571800588613
2.59313333145211
2.197156194968056
0.040378684766827724
0.008042670153068223
0.0014815664407760256
0.0031508917681013307
2.0400624643434764
0.011591883522723948
2.2001723882967443
2.1322576524111603
1.5895717066347046
0.0023033657051588826
0.002289177637830895
1.8099318046013406
0.09525918730742722
1.0631953645092347
0.07223058218202148
-0.04100731383266394
2.2706762004899685
2.4715512579730268
1.9884959713213513
1.8696811004279141
1.7151268143168161
1.0194781629816065
2.004290717824632
0.031188533637640677
0.004055675845496881
1.628770570223388
-1.7323194624874918
1.8849349371757913
2.089591706836965
-0.3057223924603299
0.10711597123717834
1.8694901643153503
1.8375185223707557
-0.010357510981331822
0.877300458238324
1.0101846517066044
3.3066542091869087
1.042364858509411
0.8331907013931087
2.4258667898798274
1.9516471895571326
1.9541467513635553
0.006792942385317896
-0.5373365001762569
2.3103794640588085
0.01040309661618495
0.02326334425793627
1.885587778982973
0.03110315615205558
0.051229224342078175
0.2909366458489367
0.0027336142585100568
2.6626883964826322
1.0975777616117746
0.003090879786964234
0.0028320777345746716
0.0355029759329012
0.6182268841019867
1.593165191940485
0.10107782505683309
1.9496470578474905
0.5918059880397767
1.1688632320671777
1.8768801270378925
0.384539936789321
3.131670095490187
0.001455743907145183
0.0014791118065438007
2.5320036961706966
2.231811569568317
1.7457717785752114
0.4713981432828258
0.05577092052671021
0.03111705851062868
0.2006123057722343
3.4954430181033005
3.5611514780131843
1.76720365601026
0.0013324945139634912
4.742444097553027
0.27752023531133363
3.3003511695591765
0.008237433851541928
0.009238507616279517
0.009285042288653475
0.9160058156746246
0.06677185653423467
0.0327861387751231
3.1509368961300335
0.33769042067808197
0.04904001363153558
0.04154800397689855
2.9307082891009357
0.016837554733885634
0.006106179921330531
1.476467615714779
1.531481402777719
1.165477841603528
0.13526861812643998
0.11637215186211913
0.74128857990113
0.8737048650769557
-0.06684015244876122
0.032784153832755736
0.006009265536803639
0.005926227398331907
0.06944978115489972
1.96280933855706
0.891227925611398
0.1334186234364527
2.095163415922284
0.03295844016365548
0.0030484101786909337
1.3950103732023398
5.788712165255332
0.3857101574011238
1.4882600570124729
0.03295844016365548
0.0030484101786909337
1.072567876250161
2.067111234235311
2.3231330099323797
2.26356747231768
0.0049115964401464
0.2790071758781641
0.27567803576822264
0.0021531781314247725
0.04833741869934311
1.1008542434799369
0.31415754201139895
1.440342040792302
1.447903534717615
0.366296252952133
0.06973159694462287
1.3250684451353691
1.7744630459601423
0.004157259461140421
0.003837484320812919
0.002233599050018179
0.29606968291639046
1.3872303459264976
1.7333125217864098
0.007704746348667506
2.29503845516725
2.498184757428753
0.30286216421220935
1.7334701553648597
3.339574755835639
1.5373666273153346
1.3896148739044947
1.0172000955044107
0.04167613207888787
0.9637461143250926
2.121257526460104
1.0200216144328882
2.004835834858122
-0.03117992264262697
1.3542792825649783
2.5817784279139184
2.4060797906147635
0.7472571875125407
0.3289798371996122
0.03146556174460877
0.0350417664241113
0.6765700787188305
0.045169036388143
0.4188003005634312
0.6866372297749359
0.8138460089773913
0.38337775143621694
0.37812745125578007
0.5229563549942007
0.06971286622637203
1.350410048776688
3.177581696665537
2.705770280649159
1.4174393695642729
0.14750329517224242
0.002195129482809927
0.7021957892749606
1.1482274478199552
1.8745227500643533
5.901159773852642
1.660763828344309
3.5168849018674306
0.11294522944916643
0.10041821351955531
1.9548465617153352
0.21787214193519402
1.4454734900493103
0.04167613207888787
1.5432842676755005
1.630707262747748
0.3820249164405008
1.0335254068419146
0.04673344584918383
4.614292497046462
5.932268353042113
0.04380812707474449
1.0584357546436556
0.0986682745389711
0.042679221476593567
1.5523743789095144
0.6957170190676313
0.06690210817298145
0.4939653152485497
0.5777178309866652
0.5007995368001671
0.4415384434413552
0.06718127902796259
0.009474571816487438
0.30345203034379176
3.0204647976136285
3.475519861681007
1.3798183904003185
0.407855259023562
0.05542458591204712
0.26577124610251784
1.871618654261294
-0.5126358477947482
