178
5.215596865758339
-2.911020037278319
0.19177699978554252
1.8989229847997775
4.149852234129848
5.462959248707586
4.371511827662063
-1.166766732546288
3.010124491491614
1.6806960184616504
4.592231291145261
3.922625555731074
-2.368702379483475
1.21242931544156
5.2908048643272645
6.254092582619197
4.412402088274183
0.05322336167171732
0.02425361057713834
1.0840530009086855
1.8107811275970453
1.4493893300950884
1.2835352286095951
-0.09551504674100167
0.443626730613746
0.16412539256638115
-0.2500458353203095
1.6300431969917117
5.981490646063706
0.9419594551568635
2.924226176096388
2.0392993205413843
3.0401125764736476
2.7331669375736896
5.2180214899684145
-2.6594618318484375
3.921841192548059
0.6075828440538685
0.6075828440538685
1.478302860213026
-0.29667296519367564
1.0105954433592184
1.7963977783836407
0.7067324655563888
1.5274342260652556
1.2450828812600299
0.08418254160581325
0.1060818513375364
1.0841048174825099
3.2149068015344313
2.5525568451233047
2.818798842921665
0.532295596617401
0.4107197374221164
0.13394399901827225
0.1323567042480745
0.8506528851804446
2.618649108760821
2.3730585121330767
1.7215091516987489
1.7215091516987489
1.7215091516987489
1.6604353813527022
2.851072432730335
0.8658594607266371
4.507361971669047
0.9126501387936627
2.475233764640724
1.3948428061769047
0.07323863891766025
0.8236323075884485
0.11965334652040253
0.6373047742021655
1.2870961049529035
0.08427728427554347
-4.061278525499136
0.38317175753174915
2.4027227655282255
3.7169217100239593
0.8707200161591512
0.8707200161591512
0.8707200161591512
0.4792483136390102
0.7910429886105503
0.13519522937104814
0.16170534017624727
0.20967278793134478
0.10834436128213241
0.060764023971478585
1.3966166986851074
3.774585860086785
3.3146247770905344
0.8970004077358994
0.17862013705251975
0.10482176772606482
2.5164578174703833
2.3073914361473054
-1.5685014394554067
5.819437302873667
0.25950065786079757
0.5304673990493882
1.4796778216247706
1.330882867718843
1.3650653839749292
0.20899090154679748
0.1009662788718662
0.13944857952282638
-0.6237295734381486
1.8397000587733259
2.804143210007103
0.32206892100409357
-0.03865480866440534
1.8920077330142122
1.8920077330142122
1.8920077330142122
1.4111505926776566
2.578260741584498
5.2446021546871755
0.12576439412161527
0.24344806526534768
0.11990504698079435
1.6112817232419487
1.202052098462696
1.3535442074745814
0.08015134319618478
0.13237533045982106
0.6182853168569399
2.375642594568632
3.4478941821055193
3.4793319629683337
1.0528915464392892
0.4528226790671523
0.7111197538386648
1.7096121860846343
2.925404928718912
0.8032293690293844
0.15430263009672374
0.13320731479978518
-0.8116987062994758
2.400969826982121
3.716804638801347
0.4792321607183173
1.44396149804388
5.239054281433326
3.226610946404296
1.2683240742151112
1.2683240742151112
0.1895291712385875
2.7701592774829105
2.1949018203331065
2.552282197578345
0.272260809271717
0.2547330425782128
0.11616481453203333
1.5629606194121537
1.093072687856785
1.0206490949187865
-0.14569689631357727
1.200066901189024
1.3528950388667296
1.2153406938476015
2.8479659269963893
2.1900132342949705
0.9350317758881439
0.9142165096962481
1.4058010057473058
0.3585266985300402
0.10452950288201227
2.337784719117615
3.6174047279616084
4.898204407872529
3.0582561479286605
2.290878246455468
0.41946611053000427
1.5216469381433644
0.20612585324836752
0.08780204326298201
0.10300254064421856
