46
1.4711796273964945
1.3298623065007096
1.4711796273964945
0.6332983384455009
1.9555234035599907
2.121515171560037
1.0816218429029523
3.5377789856126776
1.3815258326980193
1.3815258326980193
1.1719380496665115
0.32232750388566
1.0181652508287744
5.047601279641557
0.2350102242659898
0.08159388484379979
0.17568096319071175
0.13686329047564036
0.13686329047564036
0.13686329047564036
0.2697018679491529
0.03429307618562523
0.14414534369231743
-0.5140695210549776
-0.5140695210549776
1.1136275290191322
-0.5036699083943517
0.13283857747350009
0.13283857747350009
0.06375473276131595
0.05841165202982009
0.031860392061341725
0.02901430652021795
0.03155327544299719
0.06678462646622728
0.07398995672737693
0.0686237212028675
0.02876145281038109
0.028642175327333038
0.02913458106307657
0.11515527186245302
0.1519610266251706
0.03770120692728256
0.03361563842500993
0.8284530515597462
0.8284530515597462
