129
1.5363683521126446
0.7299900551772526
0.819064425685568
8.131269565249758
0.42760439992425303
0.5825372129588823
1.850841664722993
-1.8167801617397463
1.8038644034620281
5.886537851315183
2.187656525683963
2.187656525683963
4.79257758453806
0.5020916447392489
0.5020916447392489
0.5020916447392489
0.38780664771381923
1.5016013630439498
-0.05094479769676208
-0.05094479769676208
-0.05094479769676208
0.8325459535099626
8.448281926694909
0.6801594677574785
0.25664127639805795
1.1605915890155234
0.11515104757812775
0.17667479858041832
-0.2639484896821248
0.14982037433699993
-1.7898206343103293
0.09950369401107953
0.08074806304937206
0.6812667894507474
0.05559661998348368
0.052856565991572325
0.05132953705316398
0.7610560245834448
0.04907138437446149
0.04821750640461774
0.04797410491945021
0.048337332922344774
0.049476367994819755
1.8817156977562701
1.7436709620967108
0.05370487666205287
3.3397184499711767
0.061402378170340936
0.5119764340662873
0.28621021249955825
0.5548457333212429
0.2730524977145545
0.8486049056577329
0.2756836519632304
0.2756836519632304
0.5557835696082447
0.48494902200293566
-0.5067160631358312
0.39065169240036135
0.36831912412687984
0.3613463241654318
0.3630696519901251
0.3656503739766715
0.3820180855514013
1.0038223175369885
0.4902920436925701
-1.9939514400191676
-1.9939514400191676
0.8834907512067166
0.8834907512067166
0.15256313633144192
0.2678371294472693
0.09968425390270481
-0.1265691419135927
-0.1265691419135927
-0.1265691419135927
-0.8688519000187883
0.13081807971933673
0.12313700642087097
0.10626536105716075
0.293811913348592
0.5158606211214237
-0.5464697443123999
1.8156642771542326
0.9201573358167525
1.9450100773002903
-1.6144584038641836
0.4428642729826872
0.41565144903542833
0.4061214564333241
-0.7672893026605863
0.16011585431039418
0.1457927998639117
0.13234555810170542
0.126478718121301
0.16078297901814484
0.47579589765425684
0.45592783185667124
0.11373803761071614
0.12784562686312786
0.12343371048285115
0.1157222827117679
-0.07783417899196272
0.4510466195183038
0.4497764043339369
0.4504678319886016
0.8229556799205163
0.2684610722127104
1.0763498336255395
0.4027874844123766
0.3966642400400264
0.24609974734057707
0.24089348050781223
0.22827450211897218
0.20461334303416642
0.14166854932178266
0.12774575024089785
0.1276790726172642
0.12922710371752028
0.2658945579082896
0.13849626309028273
0.13804567853493083
0.13509768924088508
0.13507541634134615
0.13390309021821253
0.1316047540008553
0.14431259285774692
0.14934633947788395
0.5688530426585351
