44
0.9282205676802041
-0.28781290638631746
0.9282205676802041
1.25776048844828
3.929765303866756
0.1862204202146757
1.6183670863889261
0.13978986095359464
0.13214176591509644
0.13409885899039878
0.13134749188131328
0.3442277129183998
0.13144880945637544
0.13078634804835448
0.1372315533665963
0.15107426464404547
0.14114246015775195
0.14114246015775195
0.14114246015775195
-0.028507412973379918
1.3966625125980412
1.634713904503793
0.5598162722044536
2.1064278300004067
1.4022028214605053
2.6595276623613677
0.7383537835513004
1.938579066706023
1.2089872622902549
1.4867618651093009
0.2433244924104347
0.2433244924104347
0.2433244924104347
1.4968605742840657
3.9830148521704887
0.5598227293520895
-0.6529657962197035
0.5040183451858868
1.1429607485110898
-0.14816694083846815
0.3843900735006569
0.4016665625179547
0.6179732288883222
0.952420937960501
