123
4.38958607969452
-0.4987746296852844
0.8872895882356241
-0.7317434330618218
6.172728104674423
1.7392951952552176
2.512036530881802
5.147692943450569
0.8819281045533386
2.592438344616789
-0.7121809296320852
2.754454632622908
-1.9986583891279375
3.0850315390884764
1.1899439349310679
5.829905075615196
-0.8131992365335619
0.6095649997822793
0.5215977492347519
5.195084628783775
0.014605060480087041
0.014605060480087041
0.014605060480087041
0.6262831387670201
0.21116027131128995
0.23113976631390265
1.2950133214540218
2.028842506822208
2.636234307231539
2.643376530283062
2.897702278381916
3.0382847474923915
0.4046403574581415
2.3518223844899637
0.5646174348080858
0.275100639312343
2.3666695594128617
2.7354615925562404
-0.08021243543063505
0.7558468490064681
1.5266174948719693
-0.02602393336765516
-0.02602393336765516
-0.02602393336765516
-0.27600771680688874
2.9507644236694524
2.7351467399028047
1.1624435793326482
0.13074069171788394
0.27942815971161244
1.9570710501431205
3.906733940061567
3.133593876844667
1.0995028733377075
0.5457135954972978
0.2514892580328298
0.7082144462705912
0.7082144462705912
0.9891923629188237
0.684477534728832
1.119904038915642
1.119904038915642
2.2267653486318317
2.2267653486318317
0.6116780782869254
0.6116780782869254
0.2893633050693693
2.2049503407935354
2.9784286648849463
1.823227264503922
-0.5765002387133653
-0.5765002387133653
0.24481776838790284
0.5194812151067938
1.2341455352928157
2.6803616413311637
0.7298204586683233
0.7298204586683233
0.7298204586683233
0.5348990866617148
3.298585395909147
1.4658288620149555
0.29795891700370714
0.852600577842744
2.1909065065172033
4.464616909996486
-1.6323101163457083
1.192809914143971
4.6000736867791385
-1.5911731784566534
0.6381434792899625
-0.10084004967804112
2.2635863039593063
2.922907920315217
-1.0278716160230972
3.018661026185125
1.886290544108607
3.3820392368280445
2.5270151517689614
3.771711421629253
1.7421816962905372
3.073361809138115
0.3905305851535903
2.983392244024684
2.392382102317721
1.473678889856069
0.8296573019282742
2.9953512400734175
1.4979912956502988
0.6167477493856506
0.24095223586615325
-1.0886286463895125
1.428202629090636
2.093441518569506
3.1086417569904126
2.6407355990720798
0.34823736202149796
0.37255137385463516
0.37266355918452354
0.1796311821174222
0.24727787247154814
1.4281421790322042
0.5862964721663664
