74
2.6060047267529094
-0.5165452834462836
0.43542734109048414
1.4920906487955392
4.055868997421198
-0.13303794574088398
1.8107762306821062
0.3970333412428951
2.9490236062047477
0.8212700877284171
1.9456129749049553
0.2862624957172753
3.251690711781914
0.6325050914090524
1.7165940000207762
0.19478263134421836
3.6297152615132315
0.5861941151799327
0.5861941151799327
5.212884132855091
-0.8041919499503106
0.9541286962390894
-0.7617635299087512
2.3329062549242554
1.237314939749814
-0.1163149383955683
4.530241060705361
2.3418383443063093
1.2850000707443496
3.4427413999504575
1.6519898784753808
1.7017601951177939
0.25015405648672556
0.25015405648672556
0.25015405648672556
0.9189190527082021
0.9558306694567106
0.9315922214598131
1.0153267374088009
0.5841826381632805
0.5841826381632805
0.5841826381632805
0.3768307548775597
1.2791370889954559
2.621205465503109
2.2113257078482493
2.062173751649415
0.6687649962214766
0.6687649962214766
1.0917072465803472
0.3098252383388694
0.10513600587795013
1.6715513297624878
1.5631835517128978
0.30620189775603
0.6747253215299511
0.6747253215299511
2.770713270802824
2.789390627727588
2.6254564982650943
0.8922763720318504
0.7084367239952682
1.2925939727884195
2.316254178467906
1.9362531010201687
2.580302802745567
2.077124062279564
0.28091713692854564
1.6717992673472768
1.5610572818522996
0.5012365371075211
0.5012365371075211
0.848935029383047
0.2039067269605797
