33
1.7823478835912308
1.2088420093850911
1.1978960095430329
2.9146733697091323
0.5991672537065438
0.8463464993410906
1.6160828129035263
3.059600130983001
0.21571953796973847
3.3664819045193015
-0.6814349481922155
3.251745656498782
2.110568969270377
2.058153365373722
0.9814135699822821
0.5735058742061393
0.7055920398238608
0.9280740092596063
3.0744517543442496
3.0744517543442496
1.2506009207543445
0.37575592587517676
1.2230298781479005
3.042879155203005
1.0491304158285009
0.8233813540195869
0.8247338776647283
1.4956827205057337
3.5282546281600555
1.2072792045514364
1.1402179850540308
0.7387308664502822
0.7387308664502822
