46
0.9723202098811544
0.07133209173758102
0.9723202098811544
0.7971494586002984
3.913434952689651
0.4900579686386398
0.45384279480785406
0.45059944321701456
0.46582230977688843
0.5084273595135215
0.6126983849475531
0.8926127448354868
0.21025796139762906
0.21025796139762906
0.21025796139762906
0.11297339308924514
1.2561566324139655
1.232637776344432
1.8673458275657882
0.8749312486995547
4.383577423986481
0.05437121067773515
2.0578206764273776
0.34221062270227753
0.34221062270227753
0.34221062270227753
0.5075221737045298
4.611369962522321
-0.06228643885609489
1.0143698297188024
0.15820655854297308
0.8427267458290376
0.821192787005223
-0.3530706957220398
0.7870338803374292
0.6249020354508881
0.529738330554546
0.4492300939133864
0.4896681425095451
0.4620559612499794
0.4370996749971292
0.16531155100225756
0.16531155100225756
0.815260085635486
0.6499485346332284
0.6499485346332284
