186
4.082937144336356
0.7865581931332429
-0.31810021594388804
6.159211340997559
1.241041884094121
-0.6283573689268418
2.800237215863848
5.94154133138116
1.943326270943503
2.7619245368260694
-0.6147011500460878
2.662344245527766
4.431303534205285
0.7058559263831246
4.784356196101385
1.4272413676174316
0.2102406349975838
6.144054062856317
0.9348774876552992
4.311561571115711
-0.8097485081139852
0.20401288663068487
2.0600163620671763
0.4061589462301081
2.767085724756907
1.1710363100937102
5.077173025312149
-0.17836281758455796
1.8634668649619728
0.016704804609595784
4.808168681269503
-0.3268575763179068
1.6058920946412019
0.7019253020903025
0.7019253020903025
1.1679266372919497
2.207169321672938
0.2064617346972532
0.24239589471563583
0.15181451372080368
0.7353091431996486
0.7353091431996486
1.9112556710403206
0.2492538249205682
5.893820271333097
5.957285747882149
1.2434035128823622
0.685757190785274
1.4526359014825236
1.2503698165021915
-0.4252891261565632
1.3223709388031157
2.748731771565512
1.040844143168496
0.4895541738950743
0.4895541738950743
0.4895541738950743
0.39371874749004554
1.8653037423633463
1.5420115282413918
2.9519847110421953
0.4112471393284214
0.17284377722837538
1.2344279319695475
0.04413682766591371
0.17580262768748056
0.07469150417330908
0.4188308652445994
3.3956679287146456
0.19388848573425346
2.0296799109659602
2.2294379148929844
0.10857208244257399
1.2567072505337535
2.326418180700391
2.588893235909977
0.933412381545389
3.398197039039611
1.6569042953926252
0.7786477430579429
0.5843803315553453
2.0887004390403763
2.8437560295532833
2.4975395331770853
2.471421895601047
1.702704319400957
2.1705171108445485
-0.7250470012032535
0.14435092407980418
2.0689462364187494
1.6655299056688482
1.2525962342122015
2.2786785528538354
1.0509205973279823
0.6203464063732352
0.3504010673343066
0.3504010673343066
0.3504010673343066
0.05379378874130287
1.9931337245989702
1.1716819120710216
1.962404373989388
1.4500903580953308
0.08599632867657155
0.15803503056940757
0.8260363110922994
3.336735464044887
2.0276167756403876
2.2307133841892024
0.7619682946042321
0.17370555567025894
1.7893994386939247
3.412117932172398
0.4660013352016275
0.4660013352016275
0.4660013352016275
0.14018859705525438
0.11464896352113914
0.105998111416186
2.1988624425728585
2.1561437766577227
2.482799206427092
0.059230483055922496
0.05781319561578254
1.000628362236634
1.2320377710628088
0.37798793716477647
0.35268346633317155
0.1688666202518702
0.0067311435099959085
1.645075427884588
2.1601852058931006
1.072337192534997
1.3663683823505057
0.7205184317984817
0.22275047669053372
1.6579680608293865
0.827260902755858
3.5151358265894572
1.5227657081735366
0.1556961149707228
0.5767755938945941
0.2502414417586999
0.2515079005547056
0.1832074183353656
1.7076030073221324
3.506111778727497
1.479582701104306
0.20254103460692438
1.7852521232719571
1.2301391257801118
1.3479159085608403
3.515538190386694
0.9092835738956166
0.07467074160509628
0.07467074160509628
0.09941888657541516
1.7709707950299243
1.6029550045829544
0.17719219215270338
0.05840256484598889
0.05392433016617333
2.073628000604122
1.647450894410697
0.2994913203028543
0.09127636125716712
1.2514739746836663
1.3674564457511154
0.9372740574955531
0.1593582796609174
0.16434377621676158
0.058354846373039435
1.1115039166672653
1.272854663688516
0.22497900302790483
0.11307748145134965
0.05931174598384864
1.0150849331396918
0.320518218167234
0.22376096585947808
0.23869259842705132
0.6129437454447768
2.120980384865188
2.745794607015018
1.3200820225750318
0.23168724636749508
