55
0.7818809787136248
0.417064316777045
0.7818809787136248
0.42834820808141416
4.31331905355498
0.07871157699681573
1.464441368516396
0.11767963335901137
0.034038253946747206
0.20341629300616834
0.03378626134192585
0.0968350009450007
0.11207073424498622
0.14388255429294441
0.03381523974207384
0.11210842807323147
0.07923279677752944
0.03369794325670876
0.03387196961357811
0.08273224389285017
0.13448158587345477
-0.10112671661652628
-0.10112671661652628
-0.10112671661652628
0.12476239832491393
0.06634311355820806
0.03399069528283392
0.03374704431221263
0.22588911494143354
0.22588911494143354
-0.061682491246203106
0.4028551078024713
0.7588246183472069
-0.45496848060177386
1.8150378684860191
1.7697747519717137
0.30102229951455056
3.728270876081126
0.9347644589521068
1.9294941307527034
0.6754218671640323
0.6754218671640323
0.6754218671640323
0.5303461538780938
3.735494468494228
0.34178610848505125
0.9668547670660309
0.10792456959816801
0.6058287893126826
0.7627992110675434
0.4008214133045854
0.6132392268396728
0.8843047352572903
1.163016057210607
1.163016057210607
