82
1.441791523133897
0.6870255806280811
0.9926822739623038
1.2542575797119322
6.349015820319966
-0.7647036873554298
-0.7647036873554298
0.25515867989384755
0.25515867989384755
0.25515867989384755
0.25515867989384755
0.08243424954450743
-0.2594841051796566
0.2522691490054099
0.5418035209045753
0.4535023992447131
0.8038120872399317
1.7190284609420468
2.1138016956715364
2.1138016956715364
3.453850369127528
0.24236322297385987
0.24236322297385987
0.24236322297385987
0.24236322297385987
3.089600598716225
2.2469436089359416
0.987266883069539
6.23616548661086
2.0081991700600517
-0.2677890620392505
0.6661322092108765
0.3770626315060292
0.31471406007186364
0.31298915669898125
0.2834182497762397
0.2642356834603036
0.23125214029619248
0.16693285957424617
0.12841290572975422
0.09747310249437235
0.07165598483162684
1.9890650510338916
0.08711943874860885
0.10693462102423638
0.7007510686354715
-0.4306690331289567
1.3568963731856212
1.3481773298360904
0.5127192267429832
0.2615753057496281
1.9985331581129322
-1.212398296455196
-1.212398296455196
0.14852176629554645
0.11680002268359763
2.917338432914694
-0.060611674998098976
4.444643705305404
-0.3736052821761473
1.4925577427947776
-0.3567691078661014
-0.3567691078661014
-0.3567691078661014
-0.3567691078661014
0.4939599270572395
0.39021052922762023
-0.035424672247565715
0.5980620541708714
0.9171847188914952
0.878349123929225
-1.3162269489881266
0.559013514615411
0.37360297409097504
0.2473455314006773
0.11803248439813843
-0.23394134879038597
0.0757706525413036
0.06470281284953654
-0.29880391242218296
0.04913697134609177
0.04385998806640869
