49
0.349057149881387
1.966446695623327
0.349057149881387
0.3928328362609834
0.8587553231808284
3.6840655307616816
0.1999717086526638
1.0225413645975787
0.21438745667508208
0.21217608849797692
0.21217608849797692
0.21217608849797692
0.21217608849797692
0.21838776065346524
0.2054755024456673
0.22965384912658302
0.2943700467839144
0.1089661047312966
0.09873568467665994
0.30547163546860095
0.04377568637958862
0.08019030774864284
0.09326764877621996
0.08690883648071548
0.06171516677456404
0.20430158978130622
0.33526549956925444
1.4064008359103417
0.23102116731348005
2.3472356162202996
2.3472356162202996
3.3646677568644674
0.6790847560750908
0.6790847560750908
0.6790847560750908
0.6790847560750908
-0.2902445717948977
0.30492292299918194
2.0959106833453043
1.7471762119543595
4.2835654709702
0.8815466383417687
0.17542402178354488
-0.11216674958774635
-0.11216674958774635
0.24995467627836432
0.1723193730780173
0.5394552960414943
0.47894340369409955
