774
3.7479934973193125
0.5714238490847046
1.834913285064871
9.199643494967054
0.10781069548692312
0.3513643217605983
0.2275933022217643
0.16802876554869778
1.651552970020895
-0.02651946004720532
0.1895448290141439
0.023873094935023213
0.4910016054339305
0.3347137647422143
3.899871806600602
0.2723340870997877
-0.014347904767797365
-0.5666449590675084
0.04600096080550202
1.9540177675689576
0.15791789761870845
0.016702956987240256
-0.03867467917187774
0.18386358848649906
0.28913045286419087
0.05222318537785009
0.04430606343089079
0.5922129468721682
0.985693168698801
1.644981381670382
7.6913085914995465
0.8852404312228486
0.8852404312228486
4.832934748640002
1.3042207170560765
1.3042207170560765
1.057074649503695
1.4713330371389273
10.415696908231096
0.24796184432771645
-1.2262059215827297
0.35361665579625556
-0.13787976922483283
0.321402590897721
-0.007180558704763775
-0.5037513312933813
0.01743973040824389
0.7627130076149328
3.2682130961857845
0.7744382907718388
1.0454168085398332
0.024524921989532076
0.6701352552176664
1.0171039839754765
0.25301810459511853
0.06100751501546292
-0.30343866162546174
0.27366225652769
0.37001222250123544
0.7635664072252114
0.28139155989720294
0.8505198793953821
0.8505198793953821
0.8505198793953821
-0.33481368403352535
0.281823640532331
0.21200194413433635
1.0317257287128134
0.11025069979342214
0.1444037699201412
0.5130710046253389
0.19759277320501167
0.2278672505164534
1.3894578678546012
0.16416729802425756
1.0685297441094548
7.320320518063738
1.0617861295210542
4.856242430915055
0.8699083072848972
0.8699083072848972
4.995022919959043
1.4967105538093965
1.4967105538093965
1.4967105538093965
1.4870832831890861
5.957855599422976
1.403071555726321
1.403071555726321
4.1745486089487125
-0.2471460675524088
-0.2471460675524088
-0.2471460675524088
1.7812614142478662
0.4359744522579541
0.3077289005465383
-0.9574385906215445
-0.8138524752878241
0.6978530960008527
-1.9648623879835836
-1.9648623879835836
0.05001529604681428
0.018725954188889095
0.03890818181128303
-0.21270682693605134
-0.4171553961921944
0.014854790978422116
0.013483450548470218
0.017457417741274305
0.09186506110312537
0.1907149957749711
0.32089468136898547
0.20245576223223502
-0.060881155486107216
0.17974912517759437
0.53946271044687
0.8681851665267243
-1.1853335634289162
-1.1853335634289162
0.02043206476969048
-0.034820032527969016
-0.10948258170469155
-0.2929921606886444
0.23770298289670105
-0.3613701018269792
0.5532327272209028
-0.2943294478543236
-0.3548820021221321
-0.023186028813180153
0.145065547756921
0.03343792739582981
-0.4789887056801445
0.052311318471115524
0.012147965010173904
0.15028903350394898
0.018552247518763602
0.9605128673595905
0.9036881174271844
0.3070284794318101
5.120615820708721
0.09917996052042848
0.10155142956848853
0.11943995498293479
0.13979464800420996
0.00437748926333363
-0.04000650505000049
0.01247444366388307
0.021708605758501618
0.005297761493161462
-0.037782592333352384
0.017901433344563334
0.005491234319548182
0.00505014209621744
-0.20970369654577953
-0.09838421415993681
-0.541362078424884
0.022907519087648636
0.14356490323527094
0.027174479006206585
0.9524161580696967
0.34586892684697035
-0.058777331462278225
0.4139170852126497
0.3245653365646687
0.3240472926914458
-0.3308747918824049
-0.652450124960946
-0.8340164684921622
0.941394283221102
1.2311338973972161
-0.24512134792965334
0.20313458729266484
-0.1202844816229559
0.24333305921448214
0.1903421379938351
0.09124169533989392
0.07443852191970128
0.023957077177361785
0.15051290729752229
0.0074494223012406624
-0.6714568827925811
0.007340925973592679
-0.17548554807558062
0.04995372527614448
0.01347513099147132
0.12204411762761722
0.06503082288229611
0.13975405996523424
0.10564040120003576
0.1540679007955004
0.11991280186159174
0.3146250073146077
0.1981649756800419
0.008922094516446455
-0.6354856246648435
0.005130704247659827
0.4017329872785181
0.5580336597827038
-0.22788713908412148
-0.05321104771088227
-0.0804658577119714
0.0678447622521778
0.47836780275499596
0.17298981044141973
0.15709887741807357
0.10220612919454232
0.1463368253591334
-0.058772475259738645
-0.008184811943218193
-0.06156427615678084
0.11667565315734588
0.08263347890612828
0.7318632189356641
0.1841657620098145
0.06993241435778282
0.08156830764372683
0.018481421268024167
0.0832075746329602
-0.026583199565803545
-0.048131562619811684
-0.16645128334331402
-0.17515803334464408
-0.18208687735833776
-0.18595691054407132
-0.18824859336742564
0.01426699987773496
0.056467455702894624
0.006436991413216963
0.037377052993159875
0.018586473188332717
0.026783483045228065
0.24167010491519944
1.913133044069326
1.265242006717431
0.5042447171302362
0.26151414313521354
0.1626723576694241
0.11365543313477569
0.08503461492489497
0.12233097565232719
-0.12004928719268865
0.040641437788984394
0.05186105024459423
0.06870587817265181
-0.21306886880315032
-0.3301071579474624
0.14748878475060037
0.13236734449011758
0.15002734365555967
-0.08496580109334044
-0.12681471537441713
-0.02082088885883656
-0.9417716415377269
0.06639685000523217
-0.03882024359076693
0.09324398346230735
0.20837749262647587
0.2573637267626191
0.22369013813510938
0.34150578464264036
0.4066699970543031
0.4660645799915824
0.49233571050661534
0.4738016240446115
0.46897533696695876
0.9167550731276364
0.9206434121502538
0.08237894152708694
0.07642764796840311
-0.12817044446610545
0.012424815594098089
0.008045158462207278
0.005786775735033374
0.004260220090096077
0.002420544806595865
0.0063611228850113215
0.0019880011679513777
0.003998367485852669
0.004223514078447678
-0.19325728050477772
0.004325435240823105
0.00503234920445759
0.005314817837675331
0.005541252499303631
0.006462575517937716
0.02810801813945918
0.0216826577108394
0.05023428899421041
-0.04277438716166611
0.04190580889741964
0.06588810952243619
0.005779940346771188
-0.1299822989910722
0.1238587991783037
-0.10543480749796737
0.03259409121888359
0.0636673270560146
-0.003410353294000294
0.010470011450217864
0.030060375551646912
0.0493200366677552
0.07521255917796009
0.1429248783245081
0.15909449332625142
0.14015583049423824
0.3991083410914821
0.19668376787591466
0.06888814660008567
0.12239651083751829
0.011193446100177076
0.15656275744111833
0.1767797412250071
0.06727882081579853
0.012965709530793715
0.05088557315884847
0.05167063488793335
0.04486216914026218
0.010956443029800545
0.01729359500602678
0.01792949364497277
0.13280470898480373
1.6530813309049857
4.693631361423142
0.1454282643890778
0.015219985926067593
0.020667329195213625
0.012281379903980151
0.01192551238295277
0.012995849841193912
0.012459599600205427
-0.1570843944329386
-0.9217829080159012
-0.021690804347285313
0.015018627131807913
0.015094469688917322
0.011929487372528335
-0.35852505391356626
0.012310543355016575
1.2399955056575496
0.01071089691292953
0.010193168352738487
0.009841274397209407
0.049071053753185476
0.012173209997459529
-0.0029915839106342294
-0.12448358280389916
0.14496568259166345
-0.03695921540780268
0.01834445673212829
-0.2836409394786205
0.007547271572352857
0.007155266563116333
0.35576215816985896
0.00678358754584322
0.0067614201220765014
0.006457588278539356
0.47067995343254204
0.07596507606238563
0.26191293228786305
0.41034300343054936
0.21371316472444787
0.14880411310069003
-0.36838552722787266
0.14654506933002803
0.1608111339130788
0.0536313574953114
0.04765728750013087
0.041448819876908315
0.04754820235656832
0.12853066076513459
0.12221357672103345
0.04774943869535119
0.04832933780258374
0.052260575177634785
-0.07847647995226367
0.07637410054953837
0.04433167344377753
0.029756336543876993
0.0417800057809849
0.033855724816578545
0.0348393325716356
0.03643694992231408
0.04033645815389854
0.026825420563752807
0.04670808852638599
0.08401426139826353
0.28120746529711327
0.2820314204512512
0.022966204829419228
0.08267752061415802
0.05896631147170125
0.06779719175854529
0.020888223857971785
0.041751506406689884
0.01909845299706975
0.01402220892750765
0.0158852212334925
0.010717593912100119
0.18102354197473358
0.15788325432510955
-0.2151425701537462
0.4831828904671322
0.20946019337088934
0.11197418624608195
0.050671201743707386
0.019452352473353418
0.11621650493604167
0.04166588077878871
0.06951969890238463
0.056650706080239394
0.11473435786364489
0.021270385224633995
0.06797876152821479
0.07503682985618336
0.428826588632863
0.07406022589661716
0.00814496897049986
0.005297013032123107
0.003166392794212532
0.08990707864609646
0.24667754154143062
0.05511795910191062
0.16111085414260495
-0.09948949722147922
0.021759348584591172
0.026305301456089152
-0.9327786479008323
0.021479123060618416
-0.02073864759363131
0.5309900319633659
3.1409545679427295
1.876267619316441
0.007479275629667954
0.022410276755287208
0.011673910608816476
0.0595536214148946
0.11049023487770239
0.1098723486960621
0.04940903604291859
-0.01924993652011809
-0.09650920104928913
0.030149734776792673
-0.06364781204952323
0.020876825383936537
0.008098152278843062
-0.2435283004165751
0.16603200442868823
0.1366206974024864
0.1337298873121649
0.10288020789348078
0.1294106713583292
-0.0019474825966425734
0.06910412944522379
0.04547156296505204
0.03063331010133665
0.019916658328499943
-0.03159502021257849
0.3626523584616144
0.039477289152020374
-0.12765288130042915
0.3629781506665431
0.6587396508569866
0.4931898706023087
0.46289936116763913
0.3145240852934149
-0.7460040869216723
0.07804360460017902
0.05042446080884208
0.19366217249657322
0.2754495973647975
-0.965063823752217
0.20632396984336498
0.0793032142226102
0.04752159068628354
0.048731190156895796
-0.17637803755223022
0.030809611389029483
0.025201057482188496
0.01987871769109769
0.018475585510710983
0.017595147131351532
0.01689396688190317
0.01682863745413646
0.017513337045723155
0.021669990071803886
-0.00222946194448691
0.004877961032300211
0.009924535068822207
0.007744608295746011
0.06954715629007828
-0.029143699255612558
-0.021005108788885264
0.2863870603225583
0.13240943918435175
0.5942994331791821
0.08257214840077616
0.01823636597148486
0.004253721130890991
0.005142616405471501
-0.047417366318449373
0.04799829491335737
-0.13938684401367182
0.16214994329803747
-0.39315636536450793
0.12873207294941003
0.009395166854654517
0.00926670952674935
0.014687931230844185
0.032587031223955495
4.691763211960311
0.11062390043262624
0.020982262719358626
0.019768273149802045
0.01194693999887492
0.010321237897601178
0.00775555264674177
0.008058785519839762
0.048573695088322
0.4635558641002507
0.1223000099786446
0.20061291062192502
0.2523110853387436
0.05442967182203011
-0.02008554542096275
0.09711543515259606
0.11399520390813958
0.07688621391475588
0.2660167422368431
0.1455644365118754
0.22764748939847443
0.1575333459723256
0.051882740606840234
4.676667034852462
0.09668880940231352
0.02703055306774504
0.024034090783028487
-0.8816751937486366
0.022584131905199596
0.019557533160163256
0.018408358832253384
0.020753626427243266
0.022957223190959344
0.022620725817269538
0.01675171638827317
0.04207967536469648
0.04654648772019613
0.05741341733664042
0.05897108282610347
0.05286448164768846
0.10616460445266077
0.014086982223238592
0.019817742508576236
-0.017477224870873373
0.10028379073003024
0.09938244206517395
-0.44318845639306675
0.2828539650027638
0.1598514072544666
0.18005373249062917
0.19020228383916296
0.1926894653184564
0.18926895882184538
0.26077123587537215
0.022280083638122693
0.47337374140206395
-0.04247832691886847
-0.06589323514398583
-0.0820991380710306
0.06937642874997359
0.054567478295372535
0.04938681143537587
-0.17970474467508082
-0.11886304062191326
0.011972278589964205
-0.203632319765455
-0.18086463962521274
0.06537022969554764
0.019986229094669537
0.4629144035998036
0.047653714983626604
0.046560643076109305
0.008632897199512591
0.008407349795548488
0.00832074889013553
0.009019447781016867
0.01132177284630949
0.013006094490519255
-0.057479444333096846
0.04384135312402746
0.0436349848973197
0.04466920713760331
0.022177848258317374
0.05099671814337685
0.0568043891711074
0.020294881884350427
0.12909934738949444
0.10391960967636461
0.1219084440815059
0.1314603700538585
0.0971992489496749
0.08976386910594535
0.09347301981383552
0.18026259657210567
0.12447335507133239
0.08857328922855026
0.1218875495811938
0.08859938043943374
-0.2169299050076331
0.21837793185462534
0.18985837585165952
0.07391692476225499
0.08093040548399129
0.005705660938688595
0.09182022602121218
-0.03225729852188575
0.03348960182507332
0.05879532186618202
0.025140102853434487
0.005464215966725172
0.004137160634770414
0.007738426576380588
0.46391840636961873
0.3700497757504628
-0.29711151319992024
1.0033690676582965
0.5013475437754055
0.5253275438231166
0.5446317367690552
4.790848553936115
0.1975629194945471
0.22034731242305852
0.00972748604000232
0.007243317692346767
0.006732084556060735
0.0390403097777932
0.005858892956849785
0.006251228509464886
0.011886084528803636
0.006086897574550081
0.0058370713147504385
0.005209973668733886
0.005055559047953339
0.0049599389489841635
0.006132087978282454
0.00708585803588216
0.007418358525002189
0.007717300557429807
0.009275986430604797
0.010989324462330202
0.01153740881786569
0.020163608148025796
0.03268987879605522
0.04862203000459181
0.07275997284520519
-0.4552988372996103
0.01732911829544975
0.006827958863254575
0.008189123988516803
0.009074257220521608
0.009905960001202965
0.010521511266073008
0.010714031612751291
0.011027368759204268
0.011147930415847222
0.010876493990245813
0.01623728882061761
0.03823099463770647
0.1000938668320333
0.1559600194077487
0.24139441340324153
-1.1933579062583466
-1.1933579062583466
0.36141840505276507
0.16734155259341119
0.46753691110780854
0.7757916555261853
0.9732713337286124
1.2693292640760818
0.6583687770503288
0.2556413844257976
0.24598003502861024
0.2513309608881059
0.2603748621055118
0.014293797541983157
0.015105203894139956
-0.023702717203898327
0.014846286686439244
-0.14404604455922154
0.05631395470795281
0.01267753895179137
0.055260081319476385
0.11099175667580208
0.06846446350314307
0.3138095997781598
0.2939323298350324
0.056129341782476756
0.7044558954277784
0.34361641158553974
0.2459842115465961
0.24333622371069283
-0.06666983384844369
-0.023369543463989072
-0.02416378823647958
0.0092204368176528
-0.08457318889592809
0.005807999954156671
0.0041832617248410255
0.36792545572635954
0.11624500621214479
0.4238808712868773
1.5190402271117547
0.8453169502948723
0.1329317886266008
0.0699616884884771
0.07152454110201464
0.042775930456985335
0.012770913096014563
0.015450184991297812
0.039760312865308345
0.12223877588976755
0.011217079737485763
0.02429458154310044
0.031123507554563903
0.03950267416794559
0.01082488999934062
0.013638716051003969
0.019701230633697785
0.009629707463702843
0.0034924202253797374
0.0019153385997333495
0.003022052086843716
0.02156033445372724
0.02947217795915758
0.019617144704956065
0.02927683910747475
0.03823439292096158
0.011063000013842274
0.006911315390749347
0.006644051021339959
0.015710463297669314
0.002636463434159635
0.0052168369187924005
0.0033437731110312046
0.003397631615426739
0.022559592404028644
0.012316861312276233
0.009692088912543695
0.03716059014153982
0.01143107338002224
0.018706452876849845
0.0019989154887248154
0.2192980364038019
0.180843131054846
-0.11362690206873462
0.04694859837691073
0.17876215179288787
0.18949848662896704
0.09890336495943271
0.7316788730391705
0.22785584327538413
0.12411193707934921
0.41794270686465707
0.5418693421630741
-0.24141723751765487
0.5725445210508763
0.5980915229594932
6.622329804691759
0.21065910544251418
-0.15422638077797646
-0.014645996701912464
0.019977473846926597
0.23858243382154573
0.21858226140328524
0.14031781422317832
