34
1.013022253721357
0.5514511752761047
1.013022253721357
1.025548432314106
3.1308736156825843
0.5876767843711245
0.5859151197838808
0.4384148122487835
0.4384148122487835
0.4384148122487835
0.06075682960271339
3.360432059914949
-0.4740972570379914
0.7293839736345189
0.563924821632541
3.543532131647486
1.3119125065609187
1.1979457056037526
3.8518922487491456
0.34026773307149266
0.5314235674470345
3.120821798134619
-0.013604747830961921
3.1009377530832865
0.22046200279959316
0.22046200279959316
0.22046200279959316
0.7508745884415539
1.0472591463025125
0.5304125856419685
0.5304125856419685
0.5450283152779839
1.2695137401532888
1.2695137401532888
