56
1.6391851560583721
0.6365099921987063
0.20094387685839904
5.037096633000973
0.6114395158533543
0.3057900674462327
0.2815325402287582
0.7166173825631356
1.0207086060413153
2.7842935189595863
0.23679839728797283
2.0457332245697657
-0.1027070233516975
3.8025365805139586
1.1811224474645992
0.9718100929071287
-0.01782458880570007
3.5355626516469796
0.6823604883060237
2.093729267149894
-0.3411774662907021
2.6190718573944203
2.2115267601950186
1.8547370702940935
0.26076520159006206
-1.477809053083477
1.002675163859666
1.002675163859666
0.7486900734088392
2.547777670715088
2.388662121122806
1.7037653960680235
2.5270067950541124
2.563215736515755
0.5324746486107186
0.5324746486107186
0.5324746486107186
0.5324746486107186
4.214869764936723
-0.6224722799750005
0.8292358475290406
0.8382095188663565
0.6994647885097502
0.4087116048061416
0.673879646454946
0.8521924012532219
1.0606319212493518
0.8672028926714758
0.8815190683104744
0.8416626843093722
0.15346200144617198
-1.0446320119761097
0.6648356220121278
1.8935456837196885
1.2796775992742166
2.2206292124726996
