134
4.319641317952568
0.8232969364461878
-0.20392931321908228
6.091736711280163
1.0664106559988675
3.995781010812693
5.495563448214181
1.1487848789446637
1.8147363306176614
-0.16648307572435028
3.34577016640491
0.835220618288262
-0.012035228095296547
4.776038124648037
1.165601345455143
1.3780522852944375
0.5682639889178385
4.597547627959721
3.239305757475756
3.8978227693071568
-0.18581637187920003
3.261992172509082
1.9009663259817873
6.255820059104207
0.6637632274912388
2.6708523430205817
0.4466296109823462
0.4466296109823462
0.4466296109823462
1.1206191467944937
5.828394429069649
-0.6032826963209559
0.8717084236966811
0.8206481526606072
0.283073413994426
-1.544472363812534
0.3612275969392721
1.4777918496886913
-0.16663116426620306
1.4592706317442918
1.1480479059334883
-1.3741251829134546
1.5052502461779367
0.6718678232405345
2.4580132810339475
2.0064536576693914
1.967284862501427
2.0019637898688085
0.4414732965621562
1.710546010512531
1.6610349364696064
3.750023417066545
-0.00976224282625578
3.5658335464209467
2.1573656738961433
1.5315578828146086
0.08087785697830042
0.4696229991948895
2.062750198926447
2.524228277726292
-0.34567082645436026
1.851789446390635
-0.07308458201964059
-0.07308458201964059
-0.07308458201964059
-0.19386941122476642
0.9856139033107648
0.6347904946503403
0.9710210427404202
0.8671226788827332
1.7243226651974057
0.1713273099023287
1.3497810355792135
0.17563847821550335
0.17949161777987163
0.17765809760277307
0.17439602705968732
0.16908374744144633
0.15946717063981158
0.14271858693778455
0.6739895358121529
0.6739895358121529
1.7591485509840241
0.18025605282047352
1.943042364478456
2.4310212613707285
1.8757548118309386
1.3961019991771484
1.1242886334973456
0.1093154514287251
0.3689568797306943
0.8509772231551677
1.9265763354099705
2.179314604304483
1.9939758303645896
0.808173839544501
0.4897631245730533
1.0209646995956934
0.21073125292041228
0.18979219641320538
0.16705844281229978
3.6555525937961115
2.964483484007529
1.3211722809115383
1.3211722809115383
1.3211722809115383
1.2668596096265081
2.8285929990935124
2.8812215812008657
2.323973463829419
0.41801504553591745
0.214551916249304
0.14915190809820073
3.589002175446537
2.2458007560473923
1.9472526718959857
1.1150280718703671
2.807548293000827
1.977522280498918
-0.15084135278216937
0.37213098547040063
1.195852793722848
1.4130947092863855
0.7883053839003225
0.7883053839003225
0.7883053839003225
0.5333900910944563
2.147706774358252
1.722187969516091
1.6656087285762622
0.18278975667713243
3.646067852548546
2.9083690456056526
2.1359193589141245
