72
2.1031572284792333
-0.7378776184922667
0.8087622111007948
-0.3651453230921749
5.06538700112795
0.49780533361206397
0.49780533361206397
0.5117206515781961
0.5117206515781961
0.5117206515781961
0.04870483471708441
3.5833754136784157
0.6295037944687406
1.5636010924801989
0.15122608135926616
3.2938026146285275
0.9607095925178722
1.4740199951637927
-0.14284669491489493
3.504212763842932
1.3167463193247686
0.10605502509571667
4.835572835283299
0.5439542808581654
2.4705418887164505
0.4553358377999523
0.44054509163335265
0.9621095444501582
-0.017219996382864124
0.7579433190509792
1.0201931979276673
1.525679743911759
1.362560900248556
0.7673840056913257
0.7673840056913257
0.8734471984861895
1.300048592196011
0.3586832820515279
0.10606319279486712
0.10606319279486712
0.10606319279486712
0.32655055029169877
-1.472673847147878
1.3322114540890309
1.1366564845775684
1.5045789050084262
0.27552187779399107
1.511408421468728
1.348854241450182
1.0597880408012184
0.174475050879663
0.174475050879663
0.4221423182139181
0.8964053383697091
1.051998960889583
2.7945888379289836
1.7725237528200506
0.620338078653446
2.6666701148957
0.2507109115520063
3.0962806271640146
1.4078632989137978
2.5591147953026065
1.8459225111026722
2.5173574324179415
0.23061175969433795
0.7138167408725936
0.4832049811782499
1.773846521742536
1.758168005138966
1.391156657974195
0.4564072481250128
