102
3.860557012366773
0.6578155852648956
-0.3342951570406277
6.075528876196262
-9.994365296069493E-4
-9.994365296069493E-4
-9.994365296069493E-4
-0.24893343387073671
0.30810444658163266
1.0211536964365127
1.5436252154785992
4.902843960492278
2.587323269154981
1.5620860537269257
0.7510854547024511
2.462372971548658
3.0493187884292317
-0.746818577666858
5.719560057142904
1.7973824128845877
4.899821765853299
0.5048581026278057
0.7760764704832446
0.08949570972193542
1.1561529487827604
0.20081148267113663
0.21418899578887382
1.7147166766503752
1.1927081962574353
3.396417491540747
0.37018243894302033
5.009223775376116
1.020621249991832
1.8665993389091948
2.817730581587339
0.960233642237757
5.594198533408546
-0.04015415893789449
2.4400206132516393
0.6738573430923777
0.2898245328530979
0.4637389035617014
3.7167926352857243
2.909845195508399
0.954873337080508
0.25523608583884116
5.3722184719406325
0.13303677410472492
5.088954899199594
2.4748367588192037
0.4045065816666125
0.8850910499711386
0.06512195091304336
0.39455624594982003
0.17742380140996522
1.0670011261011798
2.240408303074933
1.9254006761001599
0.67070952146316
-1.3666838861741806
2.273136361443109
3.3842782032223595
2.5862902188919064
0.17534609452694383
0.4956007230895455
0.4956007230895455
0.4956007230895455
1.4735364015950994
0.9896657055943902
0.5572258811112609
4.168159422381898
2.944811320198783
0.20806183287726845
1.5373079308768147
0.06214077413831526
0.8968463530454751
0.977935678505557
0.977935678505557
0.24619476697044573
0.17517888242965518
1.0503369766503978
2.0807927268353437
2.2715270441555457
3.2249757820072875
1.0615444300727972
0.21496862182736384
0.2012952659330314
2.03819228073113
2.219597603671762
1.4913075241367886
0.9057895014080821
0.12008408284994282
0.8405660912145924
2.324682341160312
4.729048674368454
1.6809651895873532
0.1554041256428466
-1.6597413300827122
0.17852412899412384
1.0590883010826506
2.1305478521080468
0.6800759498353216
