276
5.837811697648555
-1.5566804380813308
0.3431743465241884
0.020293915534618637
7.277850982021237
1.7234664151931438
1.273724175293667
6.518641728410102
1.2171966498656963
3.1558083519539215
3.146126237396947
1.9596519869000681
0.2934829264114393
6.5867618935144385
-1.3278844978439557
2.336409343610715
1.2838881307680885
4.693711115035865
-0.6971387722200871
0.21797349272067174
2.6254465699205807
1.3992279597518624
0.29275372917987474
4.849869611439862
-0.009836192685655666
4.237262335851648
-0.2104967868715215
4.060067737387956
3.593848498842626
-0.3960337842544545
4.242795666248368
0.6077907819234258
0.7611655202895394
0.7611655202895394
0.7611655202895394
0.08381452803258818
0.4863619379683563
2.7727428080863428
2.8127007621164646
4.002404739026232
0.8416197699427534
0.8416197699427534
1.7444516704563509
3.8123575164537673
0.009992166173433348
0.24186989941062073
3.5900778804338036
0.032650157161493124
0.07662996280138278
0.029234051551088353
0.6467112391670724
0.2332678369936249
1.0107680223687987
1.4106112285607468
3.9917508079590123
1.6772044787452463
3.1677533351956138
1.3514941253989285
1.4782268933777372
0.13495840457151828
-0.8428514912766102
1.7460872345823428
-0.521073258334088
0.9583170158577594
3.2570335885267094
0.5914944037815822
1.3847872504472245
0.05387518443269951
2.5507655511463567
2.3847125204052793
0.7714576004583409
0.6622670281706372
0.3128766024314137
0.22108118714641506
2.389614222612488
2.371632825597217
2.155341233632155
0.18183836762689423
0.10088787832771846
1.4028995925444312
5.746634926240224
4.017068661851912
3.3352564711532597
2.3812592963234085
-0.47607752730414155
0.604187803330561
1.502459147400023
3.164132363256149
0.3826850883660383
0.8115333079657338
0.7209754133306434
1.7729862608967808
0.7218873496850213
5.69294395381826
4.178079093572557
-0.8096920299917942
0.5332263785474133
0.7267939183690934
0.3093687899213032
1.0783692041446593
3.507880709356734
1.8074683647060963
4.123895224928794
0.3737820687222743
0.3382398988592521
-0.0721509583611743
2.325290057745368
3.130522605972417
1.536358549329221
0.5714179518283669
0.9028319005135963
0.9028319005135963
0.9028319005135963
-0.18699114866335018
-0.5551414999280238
0.5071316594771658
2.5245551316525985
2.058072319429289
1.55427432155879
0.4846131494671257
0.06125453655178989
0.5813667934950739
0.15861047554763563
2.42161094853197
3.3501831911978948
0.22017553592556713
0.6449724832668998
0.08846355689246772
2.425876693240542
2.672216036961575
0.42813359650679456
1.1386666067204039
0.3692857578163413
0.06241196424455833
0.05098111442830243
1.1232252331759625
4.187845554254892
3.534504749496263
1.1879206919096488
0.6279686978976257
0.42591707990092587
0.4268337551180467
1.3648488875675804
2.354649787953301
3.2831550392713447
1.27627803333608
0.8803595236193671
0.2927947395579185
0.11902265966580994
0.9817314982005704
1.8226506583729916
0.8564419013033208
0.08432464614714012
2.2680732209077075
2.7358662992013567
2.472680481212591
0.6816087717104825
4.135092951307868
4.624232066583095
1.2374953019078043
0.2632157712399155
2.218566662908119
2.6952115096049742
2.351324441236257
1.362680096738215
0.33447912362917276
0.3171408530725892
0.24503945022938786
0.6670604793281237
1.274925992338306
3.1112015096301855
0.7237849640346085
0.5505394120075473
0.03963378286043477
2.875418001708746
4.169336444197745
0.9360179961934135
0.2505520964520089
0.2505520964520089
3.610553541398127
0.7984509046610495
0.4767008658493631
0.154539415064656
3.8620256084416553
0.685398831099203
0.21955248277988051
0.17734052112829138
0.08753839101640361
1.9654084857054817
0.922852947576649
0.36010759784381885
2.1604967098654466
2.939368011690524
1.6686861522427836
0.426786561188728
1.1814753488677647
3.061667799434319
0.28130965249290907
0.17205742727309276
0.2804310905154275
1.2873386595313434
3.7903061930859283
0.26596941666213336
0.8303348926625218
3.116734555542483
3.9641650390008363
0.6747665117414183
0.576875143274821
1.171998081902048
1.874988318632552
0.6116545874693581
1.3401392006448074
3.244265349079952
1.7002948855356883
1.42052162679056
6.590848494637235
0.28496430973499304
5.854133360763118
2.9726355847434185
0.8707949937824823
1.5927394313933887
1.0843701464709206
4.152946852912718
0.9132370112831141
1.724081108681279
2.8260388434143633
2.3520135551092114
1.1396841411946914
2.4398941574443573
1.7069933401572186
1.7056510493957504
1.4451866912820115
1.188704698123597
4.440829607307286
0.655197050295282
0.5495837031731489
0.6381607520529515
1.0288396004441382
0.8234187191402722
2.5144243340585763
2.288573293414063
0.5142087236973042
0.6649938826946327
0.6929519633602845
0.642812444078783
0.5825790761889014
0.5013411891738592
0.34934838214096886
0.04455181717132751
0.010943854868209488
3.0115705313415275
1.9122594371329988
2.246116524059581
2.011347724397928
2.1497934775089096
2.5234151923599133
0.42823000252994964
1.1781701109990375
0.8395401945970525
3.797932578850439
0.37180416614063183
0.17134174464619767
0.5676275011233093
1.8581045472771471
3.8168765012284553
0.5583607776735039
0.16256607968033623
0.12969186310749786
0.24882627189816647
1.7843437932567605
4.078673319268006
0.2710806433822153
2.4972238850355772
0.5419971199679817
0.6071068975414804
1.1464558338482183
