33
1.669466855157587
-0.24025803321877823
1.669466855157587
0.003435564750931784
2.9577870547528744
1.2533139685068382
1.5139909309274138
1.0096203705371274
1.8940002344141273
0.2013136971245895
2.4121950994755057
0.05980950015660122
2.5725434606427324
0.029199563632412037
1.8757326450066905
0.030283306623810777
2.677383015329041
0.19550720580102096
2.5725012109818195
0.1393206594958679
1.6099609913761315
-0.18576243333921927
0.7014221322882733
0.7014221322882733
0.7014221322882733
0.8090353142047039
3.4236336567565777
0.7975071809087375
0.7619487165167343
-0.2328490310271966
1.286099627616707
1.5327455041710398
1.5327455041710398
