40
1.8668068725348752
-0.22901326585525728
0.8212457305505655
0.31951163070629507
4.23696085209389
1.52803308106382
1.5287481419874518
1.4528056309227357
3.1645641033614647
0.2649171947306898
2.591938510415529
1.0147229037477288
2.5468511230133832
1.293134409761376
0.6325890274633604
0.6325890274633604
0.6325890274633604
1.275258505275452
3.4777108545776394
0.46949013185552546
0.6781897330091379
1.0940899087072147
-0.28688399691933214
1.7757863543915093
0.7044852557440976
1.1262073179223557
0.706912349983785
0.706912349983785
0.6862116817333888
0.05400247848192298
2.5214155366657782
0.8923941478923052
0.4708913076691162
0.36669895902893385
0.7468330585849636
1.9819330226656466
2.8699436770934064
1.8587302696849406
1.0662169222351356
0.7046021396184786
