210
3.400700170035642
0.25220608042247206
2.2638679711081466
4.513434053093586
0.4915262234639209
2.9992020464762086
4.440280942853379
0.8939838008154655
0.07647168067215683
1.672069609108268
5.915182179635374
0.06350926334893084
0.11116165689910111
3.6060758185894772
0.5113006613098959
0.12163251471085353
1.8597213437415816
0.020107681433374158
0.023079479601862983
0.06624455153216144
1.2818470468186463
0.3831560122175051
2.017971551154773
4.699532375399331
0.5033994724182178
0.6159911679316927
0.7382040097045356
-1.7973749306402202
1.418630099113258
0.4632427635794463
0.2416838006131495
0.3452802541884242
0.7247972624392808
2.3484366503804672
-1.8646604919053644
-0.15279942844771865
0.015301736905940853
0.0756545978994023
0.31734757818831905
0.05423579094173097
0.1499084239724089
0.030681374579551952
0.0400947352426947
0.30847489507638043
0.03556382354499058
0.0434542430262368
0.039887005161760435
0.04155629172583011
0.049043082834504294
0.08475237921803178
0.08584242673782395
0.12593013119547994
0.1914691618855103
0.27742522608440917
0.8862086455571622
0.25196794502931497
0.8480058419399791
0.14348102274620556
0.15096195564012244
0.2254642498062203
0.2254642498062203
0.2254642498062203
-0.11758508144770126
0.049718349223076025
0.33060966787149065
0.4257720958515699
0.6139011865744302
1.3150093906967806
0.454863274571385
0.3844227364415896
1.1212910515079333
0.31958704414368844
0.4011425732654497
1.2257553255871851
-0.9625009930895083
0.7154546495128483
1.0342922202140061
0.06926583624318383
0.2855646468425266
0.155619059543795
0.02572874607537238
0.030117939945247616
1.199775892326924
0.24319514613041582
0.7524117268107454
0.13737915738095538
0.04043684467498258
0.12346299115155983
0.14078775356539766
0.13771603078964076
1.1080379623507608
0.1699073703113032
0.16085411478350584
0.019246001487650124
0.02353357770781956
0.12020811400517771
0.043490329902423276
0.03988624006126662
0.04155229299754368
0.04903938947339327
0.04589170465746049
0.04216263252354488
1.2947976576091296
1.2751649750199172
0.0617506683642102
0.03614550774138803
0.038511089026836504
0.046475900727398475
0.30474448419333167
0.32958579331855364
0.3079654980405136
0.2654570478957483
-0.0738009603346672
0.1827196861946917
0.2185727024701932
0.23181298680421245
0.12549521214540493
0.050356941071745945
0.03798907768411499
0.03166597195575999
0.3236550933543435
0.05522051529562825
0.15259637571803183
0.023986273802797255
0.03464992151364706
0.04113648002564593
0.38264016241288623
0.38264016241288623
0.16411966798900524
0.12140022944258702
0.13729703041944918
0.027782949315646094
0.05960661761921325
0.042284779336945966
0.8163393090742465
0.03041880988418154
0.034210032215321096
0.04302340181569
0.02778638011641797
0.04817113403499512
0.04604754889635844
0.050347290265245266
0.10872730434837102
0.02752699694850259
0.03040136662374194
0.025082426505594828
0.03554913852815656
0.08729625997594717
0.11235007071268409
0.10247996847633326
0.08032061695688718
0.0879131684331775
0.10918639659756177
0.15256697483965267
0.21964028289451948
0.2765638098038021
0.013000496427952198
0.058171472313206865
0.05918753823294396
0.10176693529786936
0.3875902654285981
0.6652711303241741
1.9559712394101976
1.9559712394101976
1.1418576600424848
1.1418576600424848
0.6586456935211799
0.09443098223415308
0.1144899303851281
0.07895085535594172
0.06641001889098573
0.20539660526130257
0.01898644945939567
0.030601161426198033
0.26208938236419327
0.40080579105065295
0.36845097775090835
0.36845097775090835
0.36845097775090835
0.6230968165166546
0.050652314355450076
-0.18462669696118048
0.09153149368990553
0.09260373878165554
0.053540256784779174
0.041581336412693036
0.048209781676750295
0.04617994653246928
0.037077639800328445
0.36811809551430835
0.3526524065041683
0.28016238063903526
0.30172584954588805
-0.17829513263672034
-0.1742017128939084
0.05479407316477198
0.0479949576261013
0.660402631745183
0.8778503946160517
0.0715110394201915
0.09726779521149224
0.34161621676018866
0.2415932829651817
0.1018134981518646
0.1302786996921537
0.15577758461022448
0.10579134264826269
0.099989124445376
0.07787308246490118
0.10344348454752648
