66
2.264578731224295
0.6144061857033317
0.6300230834376099
0.8453624170039238
2.8251058812820093
2.293083803982137
0.2974561780407688
3.7313080784234764
0.5068561265753011
1.1132906053560823
-0.046159937324346964
3.908318896796025
0.6572761059308645
1.7527828825719385
0.1743408657508973
2.0626993031534377
0.3053803107290287
0.3053803107290287
0.6313951371853838
0.5036275225993264
5.5822539232131865
-1.2925383317055088
0.16101696448087108
0.5810394169265367
0.5810394169265367
0.2137904948864014
0.2137904948864014
0.283375468155642
-0.4763242367940456
1.3530387345520851
0.46869807210960385
0.5575990474447492
-0.4860000865041875
2.256671874108646
1.3378580607532486
1.7687321419037083
0.40837291083954436
0.8871968689527167
0.05068713032641978
3.4914725998675484
1.138087314475524
1.0540172052805439
0.9803885354780598
0.9766874898656523
1.1691292593703446
1.1065982352891104
1.7477314462333127
0.32601482645635377
0.32601482645635377
0.32601482645635377
0.31427806280340786
0.23779198222994707
0.22540084547733127
0.2968191157109855
0.40413456742117715
0.5029652730512874
0.6184077794298442
0.6074833426979677
0.49704951727447183
0.2896006054452716
0.39980353010574704
0.4078056747149799
0.39772956634488477
0.5290313882484737
0.25625836724748413
0.33573289451958005
