115
8.73904232980805
0.005105855233770734
0.03181546001223113
0.5697341238027508
9.162516321841109
0.1729251073404821
0.945506711068157
5.414218199705713
2.752690913024735
2.752690913024735
7.747696830087613
0.002667718262183606
0.002667718262183606
0.002667718262183606
0.002667718262183606
4.445778402649048
1.5561670426569396
1.1493529950936403
8.3817457341338
1.3646394474771446
5.543676863170799
1.6126875426623208
-0.017592353967580136
-0.016263661684608997
0.05661352854068714
0.6187798133510247
-1.6939913705198368
-1.6939913705198368
0.3530846273152372
0.3530846273152372
0.3530846273152372
0.3530846273152372
0.7721381184038616
0.9156742363998127
0.19400778964876397
0.2236715195427517
0.05102819144392024
0.050000194153849396
0.060761214272243534
0.3166147684266903
0.5259030249996998
1.3274820014523665
2.2881823313663516
0.18088388584114992
-0.4057075881949511
-0.4057075881949511
-0.07302049074224043
-0.07302049074224043
-0.07302049074224043
-0.07302049074224043
1.3506959664443463
0.23887495940297868
0.029625698844311692
0.1676490902259394
0.28273800911294494
0.02462033586635716
0.03471266281958668
0.26662424173628235
0.05580668302805941
0.09220290807196696
0.2222514385595382
0.37891126858671276
0.053619696124977
7.745365237687879
-4.004016815698887
2.268030931056812
1.838681420293762
0.022757111710741306
0.16557503340858687
0.021090009621569133
0.051743163622455755
0.1471056084315973
0.40634732237298726
0.023618400540751105
4.239710201970465
0.021022040001222802
0.19723260719965766
0.4405909756045603
0.07719811262740922
0.07559098194023324
0.07408505324261577
0.3013391347070496
-0.38280895315649127
0.05842849721936506
0.03023658770153383
0.02129863576641691
0.13490510256421775
0.05981585964577736
0.060215686593157645
-0.9794722876748778
0.05407618537697102
0.2649188401747224
0.02117993218076249
0.023619072652869874
0.03586614089814711
1.0496390108223816
0.08865369406917578
0.2831793066260046
0.0316535373397456
0.05583893806503877
0.030437241448497743
0.023610006194580445
0.033244705884901735
-0.0757047650921226
0.03127861509181043
0.8204583025892553
1.10894225886696
-2.1268102542824083
-0.11709529161111816
1.8929018286289776
2.4283607820356243
3.055124406114333
3.587174963516047
2.3984358145155924
0.022535160852821253
