983
12.994032451130803
-0.8994637443902157
2.0698950500001705
13.158027826136468
0.4910407406903179
1.443638172716907
9.5661813526947
1.3845449836011605
1.3845449836011605
9.431812439672655
1.2717080122778712
1.5575570018255132
13.053209245168846
4.033570403796091
9.359697636778753
0.6973495501754345
-0.10443447417185926
0.004604923548350484
-0.15825869579280627
2.0270601983078516
4.690147261145155
3.94935670561577
0.0033079283669548566
1.6659910863914837
1.8879954753952786
2.362291289572973
0.0036603196467292188
3.0579300013296002
-2.2641423837486445
-3.772497670392655
-3.772497670392655
1.9706236674391053
1.9706236674391053
1.9706236674391053
1.9209473421974408
0.38688707603234734
0.38688707603234734
0.38688707603234734
0.7212671960232875
0.8316986183723309
0.35944828016413344
-0.35300036157041687
0.8356727899232218
5.924158899512136
0.008425497602384448
0.015172435605476514
1.7017432720918575
1.868566069090345
1.7244109856184657
0.05737783583598234
0.015524093771626607
0.004401380227255991
0.003914023642078998
0.23782284491282402
0.004862808969328439
0.00484618233989088
0.002673876683082762
0.22502799905225346
1.6824037421846927
-0.2664470004299309
0.0083615632194534
1.1680237625614376
4.657641477758322
0.0030649706551852014
0.027791944163021793
0.47474340379573365
0.6396261468039506
0.030267374843149404
0.008477424440967302
2.9435398692327137
0.27849832704287614
0.0032581566363082165
0.031163735955714474
0.0029540059789494692
4.0559791872356685
7.359015849711244
2.401387363731448
1.3038244090320075
8.497819172490749
1.1775338681113212
1.1775338681113212
13.418995077271093
0.3779864202812072
0.3779864202812072
0.3779864202812072
0.2108712720061793
10.778501097973205
3.7283465996979657
3.7283465996979657
3.904900028512199
0.0031507031105124745
0.002747695047371146
0.007483905360875275
1.172324311653623
4.02855831592325
-2.517927781017912
-2.517927781017912
0.003123412538536284
0.005520545629854528
0.1349224495017947
2.5368471547464693
0.007473996781682751
0.15929310874648064
-0.13668152173262715
0.1140052983811538
0.19783103296903304
-0.19646445461981646
0.04895567927512196
0.046954485416172524
0.00873327179260845
0.009638826531636203
0.00373838724565735
0.00933273447156269
-1.5551022338447218
1.2705577822012633
0.005808657715720913
0.010034821392881274
1.4150628198268358
-0.42850751109100266
0.011006700683789372
0.0030238062172658776
0.0026059290243137076
0.002654909163775511
0.04208637434350111
0.04519893901182116
0.003575831449668302
0.15463324128694045
1.2348655177757115
0.04144115539207432
0.044734083651758724
0.3343801199909245
0.3343801199909245
3.9014906862352774
0.608635135650609
0.11410701864724868
0.012143856816793794
0.008308113327401693
0.005079175602895122
0.0033554218175919355
0.0033772673290319234
0.30980936911743534
0.6425134450536706
0.2284090854407799
0.22327592955729503
0.004896589800921795
0.026463821025094793
9.427915541383653
0.8698433755515219
0.041040133000935175
0.04659789775294333
1.9269824775729298
0.12774469131274468
0.013157880295360977
0.03087025876673949
0.04237751090212402
0.0033475888939247956
0.003176864329365902
3.19594580994366
0.00449424547718962
-0.07253495636058051
0.05753183461029783
0.8442310836389103
1.5407554910109025
0.7495129437531588
0.006412038223420844
-0.08695000359219159
3.67871882956942E-4
0.0021102486458770995
0.005019376900843789
2.5092841581277503E-4
-8.190592538987793E-4
-0.010975986604297832
0.005604633577267073
0.007747495360494298
1.885266237727085
8.271392179401941
0.004036866113874695
0.003229826335971187
0.0030901641473085385
0.002977749193280227
0.007156956229252701
0.005233618944405815
2.075029241708053
0.3154234675589547
0.003260640676384135
0.09074786182861055
0.004849453763152163
-0.007084794965938438
0.016424841827203274
0.010329621856157682
-2.340440828515567
0.01232160628165686
0.01384665116034491
0.04405646998227008
0.0034935517424982297
0.0034077361826755003
0.005962893719672886
0.008616335582501765
0.013796681989656293
0.0044500195040436535
-0.007676274890371254
0.013067968563489522
0.007900875576074792
3.6516835080483614
3.780766180485046
0.9868234356400989
2.1473216858788464
0.0040177282708879014
0.0033452903256230566
0.004364343135808086
0.03448790612722001
-0.006395202357973286
0.014701515572700262
0.0033826256082939102
0.008536786463463179
0.010820148846918303
0.004688795615715354
0.030602082349916723
0.007971184006269836
-0.016282897112413548
8.423203375792879
6.554593610371879
0.01060664752173845
0.0036165321049758383
0.0033197951071265415
0.012510340919735696
0.0037862875081937967
0.003451755761644373
0.020131995643933635
0.02290039669536047
0.023511483726136824
0.0029208196212856595
0.008828376811490174
0.009868301271653435
-1.054194713058497
0.0032644720239456615
0.00903173139500818
3.7709878251399145
0.04286939612913902
-0.013937932005888585
-0.0021418925264126264
0.013452767333229271
-1.194944362128825
0.9513710047614139
0.12831339489196839
0.010064097231366262
0.30319571765457687
0.3012358314871373
0.3077628441491335
0.006066078786307144
0.006875634842292808
4.4893409650111815
0.0030984711619347193
0.10240806926410169
0.11348020221673255
1.884975889208454
-0.04967632524168714
-0.04967632524168714
0.22236637328559508
2.0911389660198076
-0.7284667764232681
0.020163799405877363
0.007870723654709035
0.0088412072402604
0.007686803842366592
5.5402180858862685E-5
0.15584856748871745
0.3520417919026407
0.4321378851867615
0.005081684451699466
0.003643741914579964
0.0034942205775556475
0.0205683678942217
0.1058117726656501
0.003358880569782006
5.678181072460771
0.003294304185385594
0.003067080962661181
0.05082916988315332
9.062537740061403
0.020154743729952473
0.022015811032629062
0.004254255313466222
0.006252903661488055
0.0034878921495777133
-2.0461787307099684
0.2568661108586144
0.013394931562245825
0.005604753639215308
0.03493544683203693
0.07413823139183602
0.08686516771172888
0.04206622852731385
0.008548940648067284
0.003888473108955429
0.003550957429709094
0.8771618469316596
-0.5773229462267048
0.011823734274420204
0.012553888490266537
0.0033926192106496704
0.0026179760474608397
0.030401787610037364
0.43133853501767605
0.0035518011944673258
0.05868703452878513
0.0059079464543380245
8.54229620915033
0.003445004272410316
0.3119715646529365
0.03857991048495745
0.15580676780835523
0.0035789722056450172
0.0038608657802926736
0.034304993014524915
0.03936763773483293
0.3752591401638772
0.057995682518717895
0.06065922053356882
0.009945557898311523
-0.012014539589075888
0.01893571378858217
0.00385681054621124
0.015008588836383903
0.010039670191718156
0.005740512586637986
1.497989995998556
0.00492907623655244
0.0037657094489618177
0.1371397315777277
0.004009219501308808
-1.890728101376394
0.020671897629832486
0.060660486539495954
0.009404722958712577
0.005929229671599278
0.04297299282573304
0.0031751690825677884
0.003148098060072316
0.004849584571890319
0.006400641033642134
0.23626884313405683
0.23301636245519255
0.00431125109121837
0.0024861072861909555
0.0027771096227822453
0.0027119004816989257
0.0026927153046041093
0.0031246198675329226
0.00291249458351326
0.005320316085174473
2.2149337510567064
0.005006079728843179
0.003125229215642888
0.0026168306927891963
0.01745680086896712
0.02118378273905666
0.012230668296004952
0.02161474615243475
2.9799867982327477
2.9858589828148965
0.014551990099500318
0.01625996524420794
0.005344505912683408
0.005826909083024734
2.368807857343583
0.003230335064409025
0.5387064770029694
0.6299496206037206
0.631846909844953
0.002903356152252467
0.0034565593137689727
0.003259157949502136
0.0038111377451251482
0.0035152646401693834
0.002922811204534932
0.0040782742571020434
0.0035862926808791695
0.03801381605955129
0.003631420236520939
0.01979749342208189
0.06948604702548292
0.31987417190117434
0.02049129584925786
0.022180310442422285
0.00456883998022957
0.0030548041892853313
0.0032755111119897743
0.0027440666100332816
0.0035203940778180394
0.0032482026743134444
3.3661345899122703
0.0031445031297018646
7.006766779842525E-4
0.01939798927056031
0.01314466624438326
0.004261929621060284
0.00429871088541676
0.0013887195784498421
0.005805989403355659
1.473078694814394
0.06984676192523445
0.5046084635292672
0.008964113566595098
0.12989220803025892
0.024899348710757295
0.030329735298047725
0.0030418629695043603
0.0025543394045194814
0.0026050722939641277
0.006969488474600504
0.015805606867525777
2.2046625886446094
0.0865861057592845
0.09210989017674368
0.0035729129968393026
0.003431835164115216
0.004297404453092106
1.4910709237961606
0.01264686670767396
0.2000730518244859
0.1760813073548584
0.32647030583200304
0.3193296105548667
0.7578774363095606
0.13463688468783322
0.00438547329573697
0.003701794281048649
0.008115745204874684
0.04144115539207432
0.044734083651758724
0.00383333006184039
0.003373225274486787
0.003125746585499302
-0.04276994343183832
3.5278459755356164
0.0036165321049758383
0.0033197951071265415
0.005504223874562573
0.0038305118311132706
0.028450086198974628
0.03603230274411533
0.031246509595073392
1.7754551813122958
0.624749521528182
0.45028904225858757
0.03615954719739852
0.041091102375343566
0.046653538487766474
6.408903712952685
0.10522836186754662
0.08035662394185523
0.010238964504990213
0.011873652039729225
-0.027887294935743916
0.003367020471005464
0.003317313542974712
0.020694886987268714
0.04380668399643336
0.003967021245218818
0.17578241709484244
0.017434052003077887
1.2138789551327331
0.010525537339704594
0.011287413423254206
0.0035937595061049776
0.18931729282527512
0.007205329397181534
0.0026671721800765073
-0.12691863997640832
0.01707171192521237
0.003128642228152441
0.0036085917785648393
0.005486822754890443
0.0036122843596410057
0.14912487012623316
0.004323800470369671
0.0038477819502919603
0.14405302162928313
7.105383268255073E-4
0.0037178348679631134
0.0034545959781271973
0.0033234762399165564
0.0027735833226721495
0.014530252066162722
0.0037520893795420533
0.003590138482764945
0.010025471034990383
0.013635370937657668
0.011461006067608243
0.009398230153770858
0.0038520787446615513
0.11421403326336695
-1.1011272273068518
0.1216196193079296
0.004321496078165513
0.02033970860886288
0.0701794494185409
0.013615768007219333
-0.010333723555271788
0.006746346937471044
0.00471088148595203
0.07896230286795719
0.004927252316655653
0.005816980036962821
0.00608608302088831
0.00387022593459919
0.0034933963671934247
0.007049174846086065
0.005313377864716433
0.04335296525712922
0.0018715842966608976
6.853709328299898
-3.069423680309834
0.003374160742095332
0.004086547685353768
0.006856395204959149
0.03480222233278028
4.3702793875096096E-4
0.002535098486265542
0.003206375821851296
0.00317012167174344
0.01838164239316553
0.012757643601628815
0.01242466714121152
-0.00950698412128104
1.1021156361284348
0.01281391961702967
0.004324899354811509
0.004190265948955133
0.007893024555426169
0.009345149113173154
6.0795384336429334
1.5298964553687038
1.1125046274777215
0.0034398941930300427
0.0014984407822737006
0.009861145197752124
0.0048233029215505405
0.012981640633122219
0.0036426004472948086
0.0029830492638560882
0.004316877319999033
0.0035310566741702082
1.1252394048126184
0.011530605799014076
0.0030516317831788204
0.0026374564772460754
0.0038477819502919603
0.002899168738689923
0.0031649644035083623
0.02458868976306274
0.19973235677249493
0.007692605918546745
0.011440788931301902
0.004135130733152313
0.046223935758858505
0.004696577879012089
-0.5071370420831416
0.009882742146929246
-0.8190736679612625
0.0069743172989876175
-0.028229811627839
0.005867441764169321
0.003378344971397813
0.0034585745351673894
0.0034942296220867065
0.003499034482425517
0.0033983797856516956
0.0032050009298873077
0.002551542693924127
0.01423397966894603
0.052259410875315444
-0.009303073528439891
0.009947777169756054
0.016886001129239176
-0.0017603793904097341
0.08874911386940271
2.3689779369453516
0.007205329397181534
0.014730208872909151
0.004218158002526606
0.017572077921213708
-0.2828346587210829
0.005690652815514248
-0.00793919003213892
0.006264816312051594
0.003225497074653206
0.07776470155053233
0.010799349969411806
0.006758089203137205
0.014180022425378181
0.010115472100064355
0.42404605021538505
0.00755570435031226
0.0038078698734043234
0.005320316085174473
0.005011233986965852
0.005835821491546977
0.004439858954090224
0.0031356830525173236
0.003358880569782006
0.010258616497236226
0.02940986341341702
0.004493064193259601
0.03142945761607523
0.005058415143747987
0.0036166624406364623
0.0034787260139953137
0.0036667003651211297
0.00594495043756797
-0.07694625258512532
1.0167782981622502
0.0033816901424156354
0.0037477787006157284
0.005550333233817567
0.0035624206084951407
0.003282058023029414
0.010427352000209424
0.7564897777578081
-0.0020025113004155204
0.00408254745216618
0.00327283012101497
0.003445436087932738
0.04750729855660676
0.00568733188512706
0.004161934961467922
0.0036325482809795723
0.005159988336845846
3.318115102093225
0.00385989638684014
0.00369482287035432
0.0035528841885404815
-0.7563004718437606
0.010894771893934787
0.002992351707393453
0.00710777311849282
0.0027927215071843164
0.003056213399425185
0.17042941235835687
0.09211972172089901
0.005449466459359595
0.015874453100077197
0.021298283071027494
0.0033259654892048456
0.001238223128064706
0.004645007536341569
0.35993887436216426
0.3491102587273237
0.24917302234911573
0.013130775809654369
0.00489085053794136
0.0066328302428784024
0.007039761039430531
0.007648473058698392
0.0040436094489809905
-0.00519667822304052
0.00894749702343589
0.004648911710103677
0.11599109303565999
0.01068490986354817
0.0038601426386849257
0.0033410521487137004
0.003786701140476592
0.003335697287107882
0.003095122928496773
0.0034470060936558355
-0.0017952550371739592
-3.975062812426908E-4
0.023723175722975012
0.01276430504505161
0.009120953375876673
0.008747284117945668
0.008845307221662666
0.0049955580896266635
0.0035462966343719794
0.003464226113695493
0.003202750110464979
0.008754260824013106
0.014122805530399381
0.010083180937343965
0.003326274623469527
0.0033985991375286044
0.005797514266089897
0.0032479009126314814
0.002742494500864106
0.0035200209831514812
0.0033072326542208813
0.041188539327222884
0.04676750008041722
0.0036367117805831376
0.0033338140387745886
0.005573925006539359
0.8757652830546081
0.8757415048945587
0.003593424670571561
0.0029789141714043742
3.681066831066178
0.0037255871019463054
0.005253472247091979
0.0034340118406279967
0.003704094503593888
0.010006289764936803
0.030238723039684383
0.04144115539207432
0.044734083651758724
0.02573490506194291
0.004982394596557224
0.6627140890050718
0.0037462242690949775
0.003701486047030481
3.05378208971236
0.00447099690111004
0.0031889270332498484
0.0062001584769396595
-0.18524393162075412
0.0078367173409594
0.003238694604656242
0.019598462231244347
0.003139085915068464
0.0036603196467292188
0.01847435792788947
0.0053759739337428045
0.005861453331936669
0.058526361009772855
0.060998681688100596
0.003517885335920062
0.012607824643086558
0.7099428545830683
0.6206244876552626
0.029717818835956297
0.03463717059119351
0.0737065375923352
0.008752303755034226
0.0032308829470966255
0.007423061245616114
0.004693953035671598
0.003358880569782006
-0.4048598050336685
7.842840254583859
0.00816625783835275
0.14006842992691412
0.020625362845509566
0.016478609423708906
0.006713481661347061
0.009315054910152764
2.6826434409925377
0.046479938933325284
0.03494242422768519
-0.26849130914812375
0.003524990816045985
-0.1302080755343494
0.004688914612786424
0.02368468079039294
0.024904324804719075
0.002776855743167818
0.0026527286524988328
0.021343965428948255
0.19293688857107308
0.1976214247305501
0.01648531286544961
0.004459405193941876
0.0032697524619380745
0.0039509066459475885
0.003981566217169413
0.8278308603118972
0.009517962017109
0.003850429054461239
0.019571573019225907
0.0037748528874667823
0.031616085573629514
0.021317829003520725
0.008724769071033582
0.0036604801820750454
0.003588520293616143
0.0032941380713312593
0.005588447557649669
0.08905506138934857
0.004116471102840384
0.0039653315424523815
0.02052663782544772
0.02013650890418646
0.7019599415817906
0.16681411692794867
0.0032975376122022252
0.004082346521127591
0.0033372590367827053
0.10170120384978609
0.10302149060439242
0.02866087977276733
0.029741208679590826
0.015140858680447103
0.604434042985602
0.0033690879641847717
0.0031464224564501345
1.1488352374777917
1.5899335898958302
1.600950939135122
1.600949790320985
0.0029291409079404696
0.019057277959919777
0.003916385453267852
0.0033059494444784695
0.004026407195527787
-0.18827475464790053
0.10784151992271584
0.14191217035384018
0.00433388714654232
0.041826344478629256
0.03084836119361896
0.0031507218891151548
0.0027477241571204443
0.005011233986965852
0.005835821491546977
0.003472432255623035
0.003485412026773968
7.409419569564501E-4
0.017318448033056655
0.005451104647614198
0.004343780352545806
6.6019042107693355
0.0029562375866072645
0.0028029583118323203
0.003358880569782006
0.0032415861598099043
0.027342228741965183
0.02132822350204711
0.0042241746858260095
0.6646426685091108
0.021661225977367422
0.057995682518717895
0.06065922053356882
0.003679069384547982
0.7505233077676993
-4.2031055334888245
1.2756815765411298
0.0044285007293274345
0.004268686334285414
0.004663916328522007
0.003967379707004923
1.6367789830508842E-4
0.023955936402083305
0.00400998580073302
0.06106140908685402
0.0645958732741563
0.06433819879250399
0.002845283695986363
0.003119361884362767
0.0028728544952265154
-0.024319210840110073
0.015620176302573235
0.00543148802213643
0.003868416326798176
0.03960890255621041
0.005588058914128645
0.00873967568311605
0.003349611404025357
0.12467714202832696
0.0032415861598099043
0.08366648013967032
0.1184882588177488
0.006643101177194413
-0.495238027223547
0.0020749506663539593
0.004447122774736794
0.1077979275625516
0.14204301931646907
0.002078281210339656
0.003173590524566718
0.034638918229640644
0.004919599790812532
-0.0041497433384732
0.04141416958290962
0.0447005724218271
0.0030817832239588418
9.949613487964966E-4
0.0027583742388619104
0.012044881807118699
0.01331751762953197
0.00472467264417492
0.03097665936352165
0.029049342755332736
0.004544239570529704
0.003740778853598997
0.020344165403885926
0.02199305249993004
0.012496505328422666
0.0028287415993829834
0.004915114906479975
0.0030227094367044106
0.0032415861598099043
1.8198414537899743
0.004104974264514664
0.002383986063925768
0.002633084240051712
0.0022951890170180506
0.002651047157666688
0.0026991284106092244
0.002652194841114274
0.0026410364283308055
0.002642957958019402
0.0026562768219620717
0.004072365272037662
0.003563131399869339
0.0045896954602753694
0.004062684349841567
0.008845383530735551
0.004132756877982686
0.007727568984763513
0.008782522901547712
0.011022916793117718
0.00337212594524677
0.00300167577812957
0.005637664393998142
0.04339645419553371
0.0039854518114968455
0.0025768585764408217
0.003841519167079038
1.819562989675619
0.057995682518717895
0.06065922053356882
0.004370114324814238
0.007940246078483098
0.3375204598950172
0.33867095380970513
1.4466443263848041
0.004382643753768974
0.017921830890215523
0.06020037346847064
3.320606957644825
0.003863999946989148
0.00420634005427156
0.004076554146100518
-0.015266977449046294
0.0033824437366373927
0.0077432511727651195
0.02726313941652927
0.003520536837485124
0.00319252438808002
0.003556908170546026
0.003358880569782006
0.0010313756991002726
0.0041940736852926815
0.005320981798875088
0.0034398941930300427
0.003357580424366804
0.005372389536022269
0.006016352753145578
-0.005428348696028552
0.00742734915576926
0.00851286043801352
0.004132756877982686
0.0034969871528902157
0.04473899247822819
0.019893620943013054
0.006053312333425343
0.01344704602307179
0.014948040918360737
0.003914403229530436
0.04144115539207432
0.044734083651758724
0.0037302793897723762
0.003061568873986252
0.003802728474557743
0.003353196969479516
0.003590229720645353
0.08522748115240764
0.09791080745382502
0.003670553123355315
0.003839574968964978
0.03504501103862492
0.03264861111802203
0.015124016531907754
3.478250024784293
0.003056712180436516
0.2248294290968931
0.004826590297243809
0.0029555603279049613
0.8640588939862388
0.004058331924825576
0.005337235013848076
0.004705294676397095
0.0029586781305835893
