74
2.4592602918222783
0.7166589873538635
0.3641372817256539
-0.012360429952280223
4.507936321155663
0.5327051500824033
0.6035415021413517
0.3296092129730302
0.3296092129730302
0.3296092129730302
0.3296092129730302
3.976518605382941
-0.06588893603653906
1.8265658946933
0.30513590264706003
3.9264714504861566
3.3155696476445202
-0.2963322148534409
4.018625721642689
-0.14457374717256338
2.479132887515668
0.25444840368906185
3.0444923685148733
0.952787672328503
0.8261051898520168
-0.2508916615302164
4.542755140820942
0.5133302814733436
0.44545098138480543
0.41831297532015194
0.40513368578834563
2.2720352690715457
0.38502472969577634
0.6077347538353759
0.7806668377579403
0.8993097372857934
1.229570858117661
1.8385843738185534
2.70933903820875
0.9346810495947905
0.6214340032830756
0.4228780587356292
0.4228780587356292
0.24727112724705264
0.24727112724705264
0.24727112724705264
0.24727112724705264
0.48495313321634215
0.6647057348882828
0.6245618392959259
0.7413172079750208
1.6495085929554314
0.7260338369803818
0.4024140345767353
0.28942744547634114
0.28942744547634114
0.9653342064529503
0.3223888728841616
0.46889602480904424
0.5841003345196586
3.549098948601316
2.480618802413205
0.38493929120121606
0.4183032037593466
0.46056668401763207
0.40346817395258117
0.5192127269903436
0.6868012010739398
0.888266154251639
1.413659587051598
1.623010980969902
1.2168353820368771
0.533245745786493
0.6613653295159196
