135
6.429561343010303
0.006997965706780599
1.413087551722662
8.08428665963051
-1.2590679047665414
0.5411036736167931
4.272130996334154
2.502389721043441
2.502389721043441
3.5394978458688
0.9171569502047388
0.9171569502047388
0.9171569502047388
0.5820129293846791
3.952482296814786
-0.23549449624150837
-0.23549449624150837
-0.23549449624150837
0.6136566860368863
7.139920986790947
0.6220003546667874
0.5452321823895357
1.308346192223743
0.37086954717254256
5.507249878585043
0.22967345796779534
-0.0779541448026753
0.04055246341811342
0.8692327965446113
0.04733594211788809
0.1924968726161667
-1.242443764840012
-1.242443764840012
0.3455634500493148
0.8158863829845282
0.20983295375404581
0.36919998625513883
0.18319608735865614
0.16696521712849896
0.21020766140822106
0.21020766140822106
0.21020766140822106
-0.25845896008767144
0.3083633642763665
0.5397838350109306
0.15832213453616656
0.8851436716282293
2.110228177382512
0.0656890113967979
0.6385163932482018
0.49698131931519157
0.1937036505781148
0.8491511822783888
0.8491511822783888
0.3240556576527577
0.30086109313296727
0.2662186294667337
0.22630725851013772
0.6301259339934223
-0.22310217655575065
-0.22310217655575065
-0.05507828058738269
0.04549436720955496
0.08238494868389185
0.03651665162060927
-0.1369001490594494
0.09035425051913519
0.2587091856954476
1.2025338554914762
3.3010363293437113
3.026679794811603
2.743124837432356
2.452351764997085
3.2668508113460293
4.4616195330940815
2.7933713659704082
1.4095839849826381
3.8753514540921667
1.35812047330867
0.08671016235163362
-1.107171448647144
0.34715758602510777
0.611536772729411
1.0362693007290567
0.09076791527096305
0.040484999406318924
0.18402631251512624
0.3557413577598618
0.1529649170620163
0.12273545739826834
0.046921871257809465
0.05678318288432504
1.3577771128063694
1.0689486488826425
0.08262511564294293
0.3717569477311077
1.2990350139158673
3.5769752952532428
0.04684708914329615
0.0520186276136843
0.07175732359936972
-0.08478530527042256
0.24056383946897011
0.09865790308050316
0.35763040698125237
0.20180796298416967
0.17968831455420411
0.13709105357628168
0.0787776017671908
0.2846937185412496
0.24703611604712095
0.03423550234715237
0.21104633160950728
-0.1937779894274533
0.37371918514563485
1.5055515366845118
1.3086313146970654
0.5600755466655148
0.2684992773175536
-0.1927926056596036
0.16957380856003923
-1.0635319101572298
0.5285853661859156
0.4321410301193895
1.4958739379621593
1.8272332655606403
0.060364417861983564
1.563093070488727
0.030796084058132174
0.03220427110018606
0.14732831908772884
0.27176762774506935
0.4637061078207862
0.07924225412181056
0.08165175985613224
