27
1.335461191163956
0.37447298839222487
1.335461191163956
0.8602753049003046
3.231221165660858
0.4379952145649649
1.199791143919007
-0.04780710194311389
1.7153538784685687
1.8879519538056067
0.1288487450239204
2.608573129524454
0.4225869726059829
2.922109345477183
-0.023029453601149052
2.4045738350754715
0.45474643525261943
2.041800608578783
0.38787764096938926
1.9761263371014264
-0.23594392488560567
2.976054638586555
0.7551371580032475
1.236977967378997
0.8328607633581734
1.537528445364212
0.6131564015240126
