37
0.9242802754298212
0.5689815084842408
0.9242802754298212
0.9011578083393738
3.1561838611169586
0.6039423210069585
0.5629996460893842
0.5652212732391807
0.6140533074989214
0.76861084900504
1.4531597363180375
1.9550998892122646
0.13124648406585926
4.237232220585404
0.3365137956501942
2.0381053786413474
0.4281642448594995
0.4148430981794757
0.4148430981794757
0.4148430981794757
1.0638513356750237
4.324190707214414
0.24018644535126246
0.24018644535126246
0.8489484784041667
-0.30352712358947503
0.43665130140922825
0.4342981426296256
0.27660206582675323
0.27660206582675323
0.47772271980919306
0.5630355796745823
0.5994015653081078
0.6043546774030766
0.580022199292866
0.6490082374955506
0.6490082374955506
