447
5.7149035036346625
-1.3959153317206576
0.134849391127754
-1.4723616114397475
8.276267017724372
1.8789774552608436
1.6796308345093405
6.80341968919688
0.6233565539134425
2.356966539039962
1.3786515991204145
4.06331178756365
1.4535254498623065
-0.3290290717824814
7.209159004522826
0.7024646184500243
3.8343442833852484
0.8581230858673063
0.8581230858673063
0.517707702374012
2.061290404583553
0.768473386687928
-0.919691085753524
0.6140247043488243
2.992199252428092
1.096943922826368
0.4019383499664148
0.7418836930096846
1.457314174016525
0.8870713640248361
4.455156647525476
0.7471504352401066
4.652175507280807
-0.28177116763764537
3.6867032108898603
0.8824316754325356
0.8824316754325356
1.0717189094901949
0.9903227619720365
0.18928723405766656
0.18928723405766656
0.18928723405766656
0.6679443504506712
-0.5467988773057924
0.4355235221078576
1.5927472415613955
0.5298431193003247
-0.5356690038057426
0.7838541713093352
0.9169099562454514
0.6524454008506951
0.15073215580704016
1.4902834519968498
2.686594402062944
1.8532425131389292
0.09563386210281556
0.1464359904333863
0.5600641546126099
1.3531191861816587
1.2885291716475207
3.221045995491399
2.1307314925572842
1.9272769761631132
0.4203115428188218
1.9447832602350141
0.6991062435744689
0.8931647085160576
0.6240913994218741
1.2600925816419783
4.675993819876002
1.2627183818252778
0.41790580749089606
0.3524222224585698
0.25508334948922456
0.2788946580443781
0.6214443534126568
0.8785323525265383
1.4829035764509952
3.780029819960474
0.02877536444005528
1.0764992757238603
0.4930019566072138
0.4930019566072138
0.4930019566072138
-0.21034555261335028
1.25046680362783
6.207251644292151
1.5660150777030757
2.3986563062019846
0.16164505358864326
1.4590279415952765
2.725386073121782
0.7877703919601109
0.39635068630448633
0.7845132633326544
0.17479019076819916
0.17479019076819916
0.8935226813969313
4.168321522704293
0.6495507443418701
0.03435502508492511
0.2674263011630443
1.1799983861303847
2.398158288921536
2.7694336760488922
1.7425944299147955
0.828773743589268
0.8381237367855999
2.3338962870198614
1.075046522780945
6.693297145385043
1.8733454602386124
1.1514558306599034
0.44113880331023014
2.3605665030834575
2.45501011921867
2.6643270153728302
0.6193670846239023
0.38585635528304696
1.86938701541452
1.7939365601315265
4.931628482241983
0.95584847347283
0.3229876587883274
0.24784641642311375
0.3170173918286409
3.4321155109296293
0.382361908293929
1.1843018712448554
1.062794387476008
0.8105291616095341
1.9016131994824677
0.03063977564776547
2.1965040672043634
0.37225808576071334
2.2751520588453062
4.1135829987431025
4.827412494123413
0.1662439648208654
0.28682344556189016
1.1595350109983436
1.0569317042071882
1.6206170598327794
6.089578594371799
1.280540179985354
0.09790215751790704
0.26000990061127766
1.3891150158993686
2.0099591666739602
0.9245265610004549
0.3314191960677088
1.3562951821174183
1.2665425652887157
2.210486085924128
1.8106381658050992
1.4237635800408306
1.099841216780362
0.5807832447233265
0.27209688500584356
1.139916653740876
2.065850293961442
3.7937336459477344
2.725917650751588
0.4902412211012255
0.040571389482109914
2.441908102265978
2.1573611157512156
1.2107058972376201
0.12086947223467373
0.3711660257328225
0.3536757075411818
-0.9118500504216024
1.4819472914318856
1.4696080013339168
0.9450994283209202
3.805789667220906
0.7045102517399138
4.444663276841125
1.3281213139641133
1.3281213139641133
1.3281213139641133
1.2920585900205446
3.8174225950280696
4.073236635375637
0.08746112890449728
0.06305181082862332
0.9205987837796112
0.017168088974145203
3.0086640916984932
0.6879135939705712
1.632985398145724
2.1311017055429873
2.6256797505536325
0.277956362713001
0.249706528203279
0.031737272001163726
1.0902433891458425
1.9231654787002663
3.9837022254619385
0.046377610259057234
0.37953469671232004
4.176981005803697
2.6385062023551864
0.4438202156448494
1.7753949059287752
0.11518222995430234
1.71667608292752
2.6821493445902944
0.18486454856451237
0.8430627371328352
0.8748137279403694
4.649133470289149
0.06757506818669767
1.2827099682102718
0.7738882698398935
0.03838362228411655
0.2745370858494352
1.2205295398386593
2.5301778252930505
2.518615468824567
1.1514974261765378
0.12029394076947256
0.06299381619734795
4.817197282038207
1.5470132191261334
2.7582698484521315
0.0950056727752475
7.90852931921062
1.8144263833359755
0.526891519365408
0.036090007074819686
2.475607203436799
2.7890026169158317
0.7515843731385631
1.3855736245475245
2.8915552745214512
0.675568752277651
0.27849721349323264
0.028302109298000835
1.812364502984424
3.250975574943955
2.3005861032352164
3.097716186438157
3.3287326159460404
0.1269124178229784
1.6180980763916502
2.8085762460066177
0.6430900758639698
1.2032381455474173
1.6423516467438302
0.3002309074343038
0.1041827745015763
1.2197786888230393
3.395589821865192
1.0483322178353538
0.7909452105358493
0.07833434885219351
0.06063873340505131
0.03359704109405613
0.10458528812634965
2.3730243741326107
2.6212097537242016
0.4627102547879229
0.3435561016842316
-0.03112945917500152
2.6641098785116055
0.32144161460619947
0.2715703531971224
0.14521472117232992
2.257646445570447
0.6043905327660726
0.32445579719106926
3.647858621842243
0.0336110258343524
0.42749247457619444
0.49548162798483253
2.2569169348357363
2.8749875518000865
1.2198217874881325
0.48479399720075733
0.05153266110209017
2.4351957649563682
2.1705294329763145
0.03244670511025088
0.08213200090480943
2.4483214159581013
2.1464343528275673
0.33024514139404165
0.49619961869183365
0.8321104812229209
0.6796801011016311
0.03235550404947153
6.200298338591574
0.40856505754044087
0.24018394416091127
0.20025061832552463
6.473851664383094
0.5578121322804861
1.3536459555515241
2.863108364804451
0.556459765689433
0.0334782418921231
0.25815556562423414
0.6082635624614927
0.06233674158580744
2.2944670162546443
2.405189208118457
2.6485488921587783
0.55877208663505
0.7015909039832487
0.054740938462424414
2.7039934596004453
0.2524195718708928
-0.45621283265158513
2.650000104074856
0.468360008540893
0.2756586847641516
0.25552389419474036
1.015654153655101
2.5679495348873216
0.14499780116026217
2.968329499125061
1.1378927202033817
2.498640128866636
2.525017591638411
2.64800498288041
0.5831619932734613
6.576892526409915
2.6317362523155863
0.9757926686747306
1.5140938669933621
0.9645526578502542
0.24881389412943364
1.3156822121751157
2.7513702385955923
0.06432552509176061
0.127509495921788
1.6894523882325245
0.6337172578652767
0.4309697065697123
2.3674885491922217
2.438459911100197
2.617688856058857
0.5369179311026092
2.069145281647075
1.7191307219137502
0.32852021013272104
0.2787431424285057
0.3958811645047304
1.6465251427805727
2.6184433233270914
0.14113609609570096
2.2960735076852345
3.9572302031873545
2.669526515707805
0.3083566710788799
0.531362197955273
0.958363866074764
0.10544121880587488
1.213232521827983
2.7660082430317443
0.04987102735180867
0.15437940667431888
0.5656351121801888
5.851007583323902
0.2491416645731475
6.484961279671714
1.227242738356727
0.3294387516685148
0.3322191354743548
2.477960782434123
2.5885510508354175
0.4073109401156245
2.128885508241274
0.7745410947421641
0.5500237117466005
2.3799875804758273
2.6058928805185566
0.4123785533560932
0.12115330516249104
0.07953675686233563
0.02931569250121617
0.6750533646882868
0.4096089482802978
0.4642255754765038
2.360549524252397
4.908221203647081
1.8937276146160094
0.025668625224531744
1.3293451749838778
1.5532879572445457
0.3187312792618508
0.23966282622619187
0.1383993363477756
0.5339308499745925
1.1769328140345265
0.9914580221085468
3.166768576015724
1.7705734043859211
0.4225485164970652
0.004490953634558187
-0.39558708552260696
2.4760219547959053
0.5324616537548548
0.5315110365187188
0.9212134768618199
4.647965544909217
0.11989822920440765
2.968329499125061
-0.5805142844246184
0.5952327688202924
5.84529079962284
6.474511864537118
2.398961798464388
0.18216674959052598
-0.1172159561925772
1.5828550560621595
0.6081159736175661
0.49206546048265876
0.31849362890747335
0.18902703501564772
1.1135190211214532
2.1269408058485855
0.0340019567008958
0.020765310956291434
2.6237638494177777
2.1620294207987123
0.9715208589577518
0.5613758859778902
0.8822430118615255
4.6491221521896575
0.2892211559532417
4.879499872840246
0.2919031527765246
1.210433023910964
2.507485740806374
2.5578097555469954
2.6498324629031464
0.6133448942724946
0.3938345215446678
0.027821760802032632
0.8512396833830659
2.6138561227276993
0.29202174716914747
1.4678476564069902
2.8293763282778084
0.5386961433587129
