95
3.036269317539012
1.1819682869819004
-0.05398096964435616
4.9723725941108725
0.0035142971443212706
1.1724439483712201
1.8821329156021602
4.664849284264519
0.7739120553691929
2.2836209371636857
2.8065899491006197
0.8315505279624453
0.8315505279624453
0.8315505279624453
1.370594822412968
5.146607746952692
0.6900950906274047
0.18224877032009928
-0.748570699754993
0.805905827492487
0.6196730702702773
3.415580152385502
0.23733439987433452
0.9849906196883123
1.9457380648597575
0.6076025142961737
2.959531167651376
0.06447608582075717
0.13913062545918045
1.9262203798407556
-0.2602142246069704
0.6920514322768337
0.8380922888987004
1.118452295059765
3.6099161907704143
0.5390442944505034
0.5390442944505034
1.8098821570066101
0.477394002662012
0.37913597247850345
0.37913597247850345
0.4659961216625962
0.27587020954699054
0.46326874108038213
0.09814630079685584
0.3967940316865725
0.36257793222052115
-0.05878692745553361
0.5179435458596445
1.7360476537901008
2.304058599554198
2.9122252869778404
0.33407196832028724
0.7669919565379932
2.7216693809325005
2.994327660573059
0.7292756944790304
4.326993235167217
0.7364877975981197
1.9783307484217338
0.5896819893133501
0.033003845962877046
0.769802677294702
0.4636139471218284
1.2188285208461493
2.8199087069109208
2.9926280396928915
0.7252624364607764
0.2514481165657116
0.5327357625450669
2.2147599131518265
2.495321611281044
1.0393668380171195
0.5932869658248954
0.8787239412258758
1.1516992587175041
2.5710456584232095
3.2115070494236364
0.20273750431266196
-0.011203840190891688
1.5953844670730282
4.333535175122382
0.188040168394955
0.2741039798445616
1.1650828239241626
2.5634705501325805
1.6493119716088505
0.3872923754041723
0.4931275361668053
0.3347714240125401
4.33163910583133
0.8928688147867456
0.6019393077536142
2.9493990441249367
0.3304059020815501
