157
6.386182434991645
0.23863503174085926
1.426314248995979
7.996700236079486
0.1558677419157323
1.4907208941907881
5.965544824135814
2.066232500463983
2.066232500463983
6.1430941553931095
0.7201078206259073
0.7201078206259073
0.7201078206259073
0.24542553850559126
2.265766888165907
1.3933622147125182
1.791511629832871
9.25202379054791
-0.7193549871589838
0.03411124902065523
0.03158831495678814
6.927685547824016
0.06922167672245853
0.06922167672245853
0.06922167672245853
0.6168687292204353
0.33369775484624975
0.38289528893785557
-0.725264055812577
0.4925618843436012
0.21441420185838428
-0.23002603375365394
0.1190139000778468
0.15273003425335052
-0.14224015225027686
0.2726248756927272
0.08893983376408258
0.7731915979609537
1.516311458117181
1.712191150235654
1.712191150235654
4.111649853242372
0.1727753282145406
0.03231963365428421
0.29628766626301145
0.5061738705131474
1.9438683731604303
0.037409580978939865
0.07495596694824433
-2.470918971889299
-2.470918971889299
0.07249418483870629
0.09441775505612399
1.3030689757157323
0.03000004987748713
0.12322112886587086
0.032348830221073197
0.12789891149793625
0.0319727804590342
0.20000291957964814
0.13147528962227864
-0.6884049121759039
0.2021810397506441
0.39911423784551664
0.4934372749810177
0.08750716293956229
0.6503249540387753
0.8328444221151147
0.7693658661925449
0.455025082238902
8.224664614579366
-2.7152120214604385
1.6073454596096428
0.4008002802405642
0.4008002802405642
9.46285345465757
-0.23528053676986577
-0.23528053676986577
-0.23528053676986577
-0.2502609238105944
3.2728115527467634
5.064137200809814
-1.9075634296320965
1.5286573923019693
5.454545796902392
5.832165216930704
0.5492980243027062
4.883359620084364
1.404949572263755
5.801334093066928
0.10618739676496199
0.7452609057337017
0.5187940995180335
0.034243217473940754
-1.7083049590508386
-1.7083049590508386
-0.150993454827417
-0.150993454827417
-0.150993454827417
-0.17331486000718713
1.459485679897801
1.575163985917228
0.9145038377878482
1.3682217386796187
0.10119604833483999
0.03957995618826546
-0.08951885403160693
0.46675846516965397
-0.011434175781758675
0.03338212455360881
0.11445525528965131
2.6785769992330217
-0.9103307862064841
0.0498481473976397
0.09016388240586168
0.5476470524979704
0.5476470524979704
0.08398237358733265
0.20455341837825053
0.04239550810653274
0.3702610802131518
-0.042218060972336616
-0.35693552701490744
0.3979487621171579
0.0865799521518939
1.1922152039436629
1.1419731864026146
0.12666573765578024
0.0829804191364059
0.0325138088651776
0.8116690527837856
0.0322310335084276
0.03704684952050455
0.04526420962431675
0.0513574279962141
0.2465628935807887
0.008636118494917678
0.07443741787669746
0.03371613417550421
3.3375532741651392
2.64234514052848
1.4740872610046298
1.02181670557739
0.04792989267334539
0.6397967408869002
0.39167906019398874
0.339909818559474
0.030844925074466702
0.04415866927768248
0.04974062757110443
0.41185022615566813
0.03244500528053947
0.04418140072144112
0.1405079270337474
0.16053203922620823
0.00372910496554661
0.027724384404035712
