37
0.7253635238574438
0.3031039311411645
0.7253635238574438
0.9293175498439564
4.185658564006269
0.3854708915199001
-0.044953748580207904
0.3318087770982165
0.8284642934005333
-0.4090049034824607
0.010630859997816646
0.671956936930696
-0.08276105617967847
0.3880391939516955
0.2039540259865146
0.2039540259865146
0.2039540259865146
1.1622596155319616
1.5415636669013735
0.7904051576794364
3.476388520459032
0.029299883191066266
2.910202543569466
1.489092486292132
0.1816731733859398
2.7334781354346886
1.9675714477992943
-0.041158283735156814
2.4144056394126454
2.1262949622692466
-0.12486102426122614
2.5506742955719406
0.5361032527533798
0.9644192504386139
1.8582932674342856
0.8938740169956796
0.8938740169956796
