36
1.287555072674218
0.4759897747285089
1.287555072674218
1.287555072674218
2.530413599595579
0.42040828011985426
2.4181491436628475
-0.47465593897501196
3.687270635193516
0.25836591669872777
0.24091438107982482
3.2364150378013434
-0.2926234891520658
2.5215642982433555
1.1622461818043317
1.1622461818043317
1.1622461818043317
1.1622461818043317
1.703678883703656
2.0502702216373447
1.3415152812460633
3.210299157894871
-0.9006929343222534
3.4477611082643462
1.2386578335079126
1.2107071004356118
1.2107071004356118
1.2107071004356118
1.2107071004356118
3.235385986308476
0.29691836862589394
1.484051826764317
-0.03738501981939178
1.2097514261255053
1.4137920569272338
1.4137920569272338
