41
1.5156777071298646
0.32607360842163147
1.5156777071298646
1.007389363623552
2.260778545966901
0.15305653938044506
2.041532341265133
0.5825932602081759
2.8743438193607607
0.2086834563250528
3.4983724723017136
0.684596451346014
1.1047644076328385
0.09267561056332549
0.5043472103320453
0.5043472103320453
0.5043472103320453
0.5043472103320453
4.346186312120008
0.33287350648223607
-0.16637996142534267
0.46391225566523764
0.2802953482300876
0.2933613707034942
0.27775109756515254
0.27954016767535955
0.29624985341074656
0.29873604863514575
0.299054485464682
0.29900844221145395
0.2984216850982364
0.2939724227441042
0.26404652525561606
0.17356333600227974
0.17356333600227974
0.2692709149903
0.30480241236610234
0.3661322231383791
1.063656572284479
1.063656572284479
0.045057281319591976
