96
1.9275585851775487
-1.3646564660258713
0.501020940664087
1.491812304287109
5.791648736379314
0.37276581389715724
1.5038774363256657
0.32026474423011536
0.2720502070584327
0.26163784754710406
0.2785474099549891
0.41936408353218596
0.7428916744637536
3.4346132063626915
1.2861599421364356
3.366340153234592
0.6142120285374661
1.8028091142802896
-0.4613716686290201
2.7517091972176697
2.386595801451644
4.086303600882025
0.6397007427587347
1.1598866838435622
0.46097240532653755
0.3512193994499775
0.3512193994499775
0.3512193994499775
0.3512193994499775
0.5210510752982621
0.5580105375308358
0.5359177583821854
-0.17385820918933328
0.7447774444606692
0.5890387696753997
0.5074220314429934
0.5166471659316595
2.007273378040609
0.4706037191719681
2.9073440580210055
0.18919551407227453
0.5190829820941915
0.3707596472871904
0.3993593511311669
0.38757107010534225
0.36246012804708955
0.30933777253903266
0.27967426165944514
-0.3163388118816708
0.2961853830837377
0.2838137166514707
0.1710507826708039
-0.39380731243868233
1.7727552418916592
3.243830522031338
0.9985377222459308
2.909395584420841
2.422748498272067
0.71065731950538
0.74760796899481
0.38284068046823294
0.4271425208910138
0.27464317516245934
-0.06703254156901399
3.9786459345023744
0.4803121415282557
0.3063544787690482
0.28647054039398473
0.1953161092896705
0.148317577820337
-0.06424079943192594
-0.10000032400130576
-0.10000032400130576
-0.10000032400130576
-0.10000032400130576
0.12996451595665015
0.14524952750744058
0.15778151934096615
-0.2778961594760219
0.433203180436453
0.34200241524094493
0.25350706538102613
0.17452830809831307
0.3173420047315069
0.3173420047315069
0.32968416434149295
0.41177787520358317
0.2359845311839545
0.3670491443905804
1.0492863208644017
1.7937982959702095
2.901318304436845
1.0356929232680772
0.46101537766149053
0.3907621502667173
0.28022203129259476
