45
2.338867250316193
1.0635469376453355
0.7706131329073398
-0.07727061771778615
3.044001194296357
1.3788746190936496
0.8123104543324757
0.32593835952391104
3.3466565830018578
-0.5685643841991039
2.2257416598663258
0.9502122214135437
3.4855797632657013
1.1547106431240617
0.7187683023752746
3.5233404254504515
0.25714440323469323
0.9707971576047902
1.3866169961893238
2.1360810064688667
0.2337117149644544
0.39508734206565616
0.39508734206565616
1.263263858866417
2.1196934374284413
2.4552325175126093
1.121304027045268
0.854485375776187
0.7543957011075322
1.3627451398787007
1.900040719247927
0.6831040418144433
-0.985838671645447
2.2793293079251145
0.8552852097412683
1.4174162532405712
0.8138584163013195
2.868128474555989
1.5952506687456107
2.504018013392655
0.8681765168007596
0.8681765168007596
0.8681765168007596
0.8022248644529923
0.9209513153682535
