40
2.1342263839475613
1.2051257333840706
0.1664289596222731
3.2050227235010915
3.1203346633267284
1.520558552903129
1.486840117326842
2.293895215040832
2.668453408372941
2.668453408372941
3.5211299055407714
0.5414699147110489
0.5414699147110489
0.5414699147110489
0.5414699147110489
0.803710682687756
2.7166607135735195
2.1358944427801485
5.071143578644224
0.2845819983249009
0.16774960095280317
5.233752901752487
0.13451363932899513
0.4802541287669094
0.6610422930693279
2.3085088971902334
0.6710684200789153
-0.3567506126901861
-0.3567506126901861
0.1498570106649429
0.18603080751141612
0.2090925312031236
1.6153825857089286
0.032628174615776294
0.032628174615776294
0.032628174615776294
0.032628174615776294
1.154406108990669
1.154406108990669
0.10200907189994042
