109
2.940599160567373
0.2661957888129534
0.24751503570328184
-0.11800615019468898
5.3479224827693885
0.41958907824992264
0.41958907824992264
-0.030575999403926274
-0.030575999403926274
-0.030575999403926274
-0.4168956831842777
1.2673357869897983
1.6109280140813729
1.80380165470101
0.316479589981676
5.501115319824244
1.8914312306828287
3.1946973715267655
2.1330279430195977
-0.32458738893095296
0.9306455693149641
4.80941009684862
0.24419725408548282
0.9084102375512602
2.6825388497507268
-0.11319620359324509
4.9501702767891524
0.4856097601434368
0.4856097601434368
0.6510214143329595
1.7276147925133254
2.1904042551217913
0.23066788684586542
0.6580117126390433
0.6893841807104422
1.1127695707661018
2.004905866947381
4.581138021967681
3.6106769346995646
0.17675117612830743
0.08430524933018446
0.04075304027628408
0.20376260600274207
0.16541165418951714
0.16541165418951714
0.16541165418951714
0.0780623219355499
0.08474596028478816
0.7377853789780023
0.3676142795085294
0.2963649342679031
0.2784534573859287
0.48794202257345154
0.36810444727187175
0.9171500744660267
2.7538973823084065
0.937049992195773
2.7148217843994495
0.6058365602508101
0.7080542875241702
0.6193092599794823
0.8381031288527542
1.0332368877558293
0.17249634434381758
0.49618925825870935
1.52697353980117
0.06929058459329528
2.824740015035111
0.7335360230829776
0.34189642786309077
0.2448943936883927
0.23177070846390288
0.39571687100141406
0.7156526752708945
0.9342677325491519
2.8005650679687677
0.6397940893908914
0.15441032516015454
0.1063644669053978
0.22519265579853853
0.9294895807793112
2.9252281722891067
1.2939196829056294
0.35037437493397094
0.09453213761112092
0.0722549125226899
0.05050598683433301
0.06198936089651628
0.053380431961271166
1.6935777904872606
4.485160851926738
2.7887874056531063
0.7020433313247586
0.28624156819507984
0.15335372052670637
0.0979136618856289
0.05912314693085121
0.09264774804905297
0.10954773143837396
0.12899430951590338
0.14343737682286306
0.1604534216054524
1.6924935259307683
4.485560097554278
2.766600832872152
0.5830168088970608
0.23874443714879065
0.19475739827972305
0.22857671686209083
