53
2.713739298598293
-0.11401872431961743
0.6061922537803143
0.18400476181031328
5.619705341592094
0.729549062158378
0.729549062158378
4.3785615735698205
1.723440507295513
1.723440507295513
2.354297456462482
1.5340163003727805
1.2636359478520647
1.6433570478610762
3.33440416713679
0.6569266680829643
0.8628010388895697
0.9476337335370562
0.9476337335370562
0.9476337335370562
1.2382772511183795
0.2683011349816309
1.9349045720367188
0.2934638875126508
0.6448881689019486
0.751424821839022
0.6030222072007798
0.6514576714232359
2.2505169570616705
1.5063207384381518
4.023887471391456
0.25578699904739455
4.102958960894898
1.6704551049760776
1.6704551049760776
1.820445787437504
0.2906435175813254
0.2906435175813254
0.31189413774133895
0.7357669454877317
0.6989428836597585
0.7898585081120731
1.0449241968768477
2.1872318127041623
0.6655558134674243
0.9970801602008617
0.726891930428303
-0.21286606266867775
-0.21286606266867775
1.7789973701273578
0.41113867733197895
0.35236441481086195
0.3324663865818658
