33
1.348814267330833
0.5658132759108111
1.095786158135752
3.624416326169261
0.26357647020740643
0.3085982132770655
-1.2454844522570554
1.5214910993860602
0.4034529690555385
0.7998296819419558
1.8249931309722252
1.055494230714555
2.5634136457604724
-0.03830239293991322
3.0052895403193465
0.891996108716665
3.0777810745656846
-0.19122710348338887
2.051577438776095
-0.1663209800115017
1.4598109877769065
0.3909215721773739
4.220274783495523
0.1462415441526687
0.18760329505729822
0.17416940453001925
0.876910545554032
0.10425763318451271
-0.05502932473562805
0.7122720670501089
0.6563367218666522
1.1245073642816963
1.1245073642816963
