142
0.9585701047717662
0.9397200438178952
2.739919775529306
0.5642337713071343
2.669953692336726
0.5572441003772326
2.5963527661639327
0.4696646633725685
3.381748865379746
1.4415016361846262
-0.32206765058960785
5.90262683967972
-0.9202916056106326
0.49328221038192704
0.5239446237896325
0.3818077618742186
0.2246279455533089
0.08247887493459537
0.4537686349569238
0.4528393402577851
0.3704294172054634
0.3728004537018716
0.35572193080159425
0.35572193080159425
-0.11422971276084468
-0.11422971276084468
-0.11422971276084468
0.32429095519977463
0.5273917580828273
0.5837981851962324
0.5178686283351781
2.2696478578311035
0.25582751917147634
1.3464829254465245
3.0827634009562077
-0.9010599965891898
2.0268099965062745
0.8283836157502033
2.34939068049085
3.0812552505858557
2.4342805310795352
0.43852066796062494
0.43852066796062494
0.24584298625155113
0.5213821452673677
0.6093458263725477
0.5882640726112389
0.4603967799034605
0.5491749431194217
0.2901091584453444
0.7172125686866593
0.4924323377143142
0.4789539271967311
-0.42789546479712726
6.0909463890989395
0.3313329481426001
0.3313329481426001
0.23259682884883043
0.23259682884883043
0.23259682884883043
-0.07450827610132488
0.14563616490158646
0.2785533825942357
0.3551132556747436
0.41328218497752095
0.44291570055741925
0.44441288429648357
0.605693853753196
0.49004837428478304
0.00141270409222723
0.5321569960320344
1.927259417090871
4.1707883351706
0.32438745800409396
2.4432012547991073
-0.28393531929482796
3.806469605938377
1.8114089715269357
0.5826321631900291
0.4701530235741054
0.03169281593924894
-0.05795866128842428
0.10542826551385527
0.1463455129610463
0.3324395964837075
0.5887488273694534
2.045564928235126
2.498738523249581
1.9542075363010214
-0.02722231605236419
0.7804074741036375
0.9137412290853999
0.18209572542738045
0.09043495368670673
0.34116199740948616
0.06586195192206999
0.05787969699625841
0.2498250359927644
0.1377993176515531
0.22369182446701738
0.5154312050460467
0.2693581913993566
0.13284443739436347
0.14282348529371322
0.13856210697384666
0.13640072041329238
0.2064417842431012
0.19163487053045847
0.12944221580850246
0.14265738848209777
0.13669237965740488
-0.28799229799772436
0.18537290896806785
0.19735799067123386
0.13217836810895084
0.13046106994333345
0.11823039552173338
0.08857421100534299
0.1357855073259917
0.1310229131020991
0.18915916942343516
0.18348561326228402
0.1830497819731458
0.19582933823389315
0.13600616328674048
0.13377243754904075
0.20749849426966593
0.26714113721977756
0.21325453732796443
0.20957926099484048
0.2687294840236962
0.21463877140932205
0.13329956239443427
0.1313799699306772
0.19563530252897693
0.19364285228603054
0.26452722165680426
0.27884619801973576
1.8874832386943259
2.7201388626691116
2.6414553002647896
0.4058058162023501
