127
5.986834986595269
-0.2343596692178896
-0.0837471991785233
8.19166816403025
2.8282123258794627
-0.21048884737232929
-0.21048884737232929
-0.21048884737232929
-0.28258885097134373
1.1172975127693954
4.696828543205176
2.3361809696175673
2.3361809696175673
3.900636361670681
1.014325249236642
0.5337634863550252
6.980578641484734
2.51890087043351
5.59029860950146
0.3011529465864999
1.1654348539896338
7.4556749398864826
-0.940236303399792
3.0139835953013874
0.12918045934329817
0.12918045934329817
0.12918045934329817
0.4857916069658103
1.0373843178336906
0.13664056125283539
0.055382624632617124
0.11041210953615573
-0.15567050246843214
0.35619652402909574
-0.5144829858371675
-0.5144829858371675
0.8959625041383906
0.14672378175242093
0.05191093073380889
0.1401553273685308
2.411541166896738
3.876645160194953
0.8172349677964558
0.8172349677964558
0.8172349677964558
0.6323686768483949
0.8410406312627051
1.025116794117221
0.800690581999186
0.5592881929645867
1.4027880538051085
0.33532080193573693
0.07584972774160524
0.08117774868684158
0.14380165660951216
-0.431333257164473
-0.431333257164473
1.0236517353572196
1.2420456360465861
0.046014062519154235
1.2197597167494738
0.2972577444120899
0.08266883889460494
0.05140579895948429
1.2346139182260398
0.19715874605393083
0.14539599954672983
0.6511393211185332
0.8893544114962973
0.16733656082732987
0.04473780113398532
0.06486288987708069
0.06947776017431902
0.2107985300704333
-0.23981225257603722
0.11261820398578716
0.4450902595919378
0.30469732569509916
1.2543698669574268
0.5233708778595687
0.31627748228811725
0.5093541840744735
0.6337144404011642
0.956739655738073
1.0271501335323618
0.11721538588495332
0.05845083445111003
0.03320949780338441
1.300293399060672
0.3955708020695441
0.1465039961504095
1.129526554689098
-0.03968522981295107
1.1424974852274576
0.3566111476225194
0.3566111476225194
0.4780041365282386
1.4777341707230995
0.271349138486529
0.0660408613768543
0.9871357617847278
2.135502719324795
7.791647150341882
1.0172415486982935
4.406515590653847
-0.8735630527832513
0.25292892012858204
0.276318527770729
0.6836724324702109
1.3065206476279518
0.5495275173830638
0.0810653752927309
-0.02649896653107618
0.8737723315396067
0.03474650737738803
0.3691746814162906
0.5168336779633652
0.10101445217988825
-0.3254019252538607
0.11619177399492345
0.0688910212443939
0.041842395125808736
0.5364192543330659
0.6028530747161437
0.6716103893111557
0.9536476455896677
0.6919257474207994
