62
2.651226006358973
-0.3618027236012842
0.44842667489546784
0.08989006404781755
4.2875519451519315
0.9029665507349782
2.5660657803996365
3.6433863092535637
0.11849859685560077
2.1010703667052333
0.1796936576833737
3.100211157865588
0.9721906676413514
2.027579997645459
-0.06530557118445775
2.948893399464764
1.6658851719906915
0.0650079219013472
4.250015441306907
1.1514439817816184
2.8410399245692592
0.40145900419796643
0.6023825240100674
0.8329756731169213
0.7989758131647408
3.1781033037286455
3.2120283624001624
0.28903779638399313
2.4316279022356717
-0.26928607244826624
3.80235533422525
1.4376020546918842
0.6072533659986513
0.6072533659986513
0.6072533659986513
1.8522815898689193
-1.0179243372797295
0.46054477705041946
0.9882026256745454
0.3946826729408704
0.3946826729408704
0.6218076783323772
0.6218076783323772
2.4333143596928215
1.43846807788467
0.4892900357212469
0.3966764476592983
0.44861309395193916
2.165446051082516
0.8544662502638002
2.6426044977733976
0.08547847261861868
1.165130346467747
1.2749744915619377
2.4124987815051675
1.581297345292243
1.9939680835576192
1.0213520539898053
0.47991963407234994
2.108906220592191
1.6285984446101593
0.35379604632893813
