1369
5.518977543823218
0.24969335322955533
2.5438999742076316
7.352748959373177
0.8861205601686397
0.3338582866878309
3.1227090476171706
2.720114890887136
5.408990858325485
0.9983279405160672
6.238264577878808
1.2662703127333685
1.2662703127333685
1.162627793160665
2.424040831138213
10.079521587782933
0.6164169320498375
3.046783615736351
-0.00277875531603053
0.16790181664044537
10.757065762398081
0.10236171348238929
0.15657636755939003
-0.11465532271256283
0.1175395756425053
0.12295053806110491
0.13248693849612173
0.014013983293942173
-0.001513602330341875
0.029017298050625768
0.16738436918831476
-0.7011372548126685
-0.7011372548126685
-0.2320528545233722
-0.4725349920416002
0.0303974589272123
0.04649695567721856
0.08533486856833619
0.027630089612396994
0.05758830810596447
0.014005221791248051
0.04543377947189401
0.08224700820446182
0.017022785508926566
0.01519321157514153
0.055574450624131244
0.03961826304993935
0.031645451509872975
0.05129014482234528
0.5326422364618874
-2.889261956198262
1.0023517055471984
-0.3626541419426198
0.009851592122855538
1.3433782654179707
0.17675047046778652
4.573025281242827
0.02650445872920368
0.026378222889961778
0.026538145862677477
0.018796900608376597
0.023082967660370105
0.027445551404506132
-0.05969537657326514
0.11207259723662463
0.024651009997118566
-0.0026419491230171717
2.8577333523350666E-4
0.25266260992317746
1.5483122998209562
5.916804056005428
-1.4043723654407916
1.6846867560585677
0.6284477348675487
7.263148959520285
-0.01881549553766745
-0.0055630332452926805
-1.860222766791065
-0.023718979736984225
-0.12732942137643002
0.0045348642244769045
-0.15549301917875416
0.01275316157332712
0.048524663055438705
0.05305189970237018
0.16439798279649664
0.6507745681438272
0.7841111349731705
0.20176240301173862
0.2304712701368107
0.009621334918510117
0.06026422101027053
-0.0029176001795647205
0.5913368187079907
0.1408427171466776
-0.15183944261030832
-0.012985134059163994
0.04289480706513935
0.06224847294421404
0.010325366457904838
0.04293338243665525
-0.04725069674486863
-0.1550304122325126
0.5114757298446009
0.08693346699002173
0.4057932866854526
0.04838341466936057
-0.15398664360592293
0.010505981471320449
0.05864400098265527
0.07950405787859502
0.07673792745706315
0.0024441854329527654
-0.044907313975553254
-0.027745547716625497
0.03152804251994809
0.0058000271578827695
0.004150013608613408
-0.0032570627476729342
0.004163510231030592
0.0040160086689577275
0.008746133962039939
0.005793013038864726
-0.20777075056776004
0.0046767059302230424
0.943048406828552
0.09183587267953727
0.004976766331219268
0.4612923261507205
0.4612923261507205
0.4612923261507205
-0.020019904086581938
2.47069645573675
4.406790888665525
2.231525749183505
1.3710123768822913
7.471557726967627
2.337468549925547
-0.9064442337634555
1.0208207133832492
3.194954985890434
2.2075480256059667
2.5166139307546485
-0.09787343625329216
-0.09787343625329216
-0.09787343625329216
0.7546156477461965
0.7546156477461965
0.19542196510303006
0.4333206306449951
0.4499750782293213
0.7597270013031207
-1.4252851154260169
1.6097748787018358
0.010436303389354522
0.0031197542077270263
0.7564712991296834
0.05431429527497539
0.2588701105934183
0.596296651013905
0.5101807502168397
2.519745743297871
2.7107992143987656
2.4245595170656387
0.3685921144761517
1.5062433030035784
-0.2664170347954402
2.230128748668101
0.16403635939423902
1.7847838068291642
0.13669431020148406
-0.04889963215701328
0.0019037312693509214
0.00922502675046306
0.01705793454450705
0.3208018469050419
0.0029448020985076103
0.0032121930949662457
-0.10909098233892411
-0.07660641241095992
0.009618363198451541
0.01781311576978075
-0.056155003484019715
0.06894625721988512
-0.10873149071080764
0.05387962319097402
0.02924425892752881
0.11126832614561293
0.10259168181936733
0.007442711586294181
0.006451934707277315
0.025167312506611327
0.01603738064071611
0.016832276962983818
0.02088049982650103
0.0293714287044224
0.03533616749454997
0.009473437238533987
0.021128100241074716
0.010463304063853108
-0.04443481059960448
0.03305558659542822
-0.1459151029261916
0.04964767120711138
0.0924891111832722
0.03772756793034013
-0.10650832828789865
0.18864271157240234
-0.08050810318072377
0.034609510687344365
-0.04320416138888002
0.064415387054018
-0.023089647423897817
0.19560655074009659
-0.10394947981362193
-0.07667021978692037
-0.0808938939076817
-0.07696471597477156
-0.344117767469845
0.09980660056214857
0.041541857202139425
0.12321316072534566
0.13828949113569275
0.024897370306659967
-0.3321134693173763
2.8633303754877923
1.4652385255348979
-0.006105609314201302
0.12786848677649398
0.3417082243850193
0.07479296459221522
0.026484063031538035
0.2502230907863945
0.038041964608690484
0.1978913525609341
-0.016638840520268854
0.09060735263184078
-0.01666227549545645
-0.016866805018284064
-0.19560712418797296
-0.0022354021653045
-0.5008329159222714
-0.37623694596193824
0.019031190210693508
0.0675338218811817
-0.0283216312346749
0.008850846458101037
0.06430510097932479
0.039297263146377465
0.03757255827618743
0.046340557668933795
0.023210698295106913
0.05125077773621331
0.20325824149887617
-0.027621991125970323
-0.08158181849264995
0.005313864098241252
-0.12192383148740438
0.04594020884043191
-0.08040537543579963
-0.06693833727696978
-0.11880878361861978
0.12575993594868579
0.006615450344001895
0.15004702561429353
0.04651760198286103
0.010460406093149877
-0.09445734426535712
0.09462325599714694
-0.09418439745784028
-0.06351521055503903
0.24083728225325726
-0.014297703784758087
-0.013216325544368187
-0.025021632276542707
-0.0025402639089713397
-0.005048823540671738
0.012842405002566394
0.023137584416352972
-0.12459483402141491
0.011078279812282755
-0.03178634407816921
0.055886578697583046
0.11522331589412492
0.02037286723984335
0.07748604156619518
0.028551151726368088
0.030464440529643817
0.02791969965638283
0.11748479352300421
0.18217914205169994
0.3274945490743742
0.002603466684972756
0.006333950488367085
0.0025935553963980147
0.00260004908516578
-0.024056987201072914
-0.02551991503102317
0.0094536710422027
0.002824013509213082
0.0028465251627321424
0.844245950290016
0.12039474645727716
2.9819944635427476
-0.2552083987755129
0.45723224635943666
0.4486893563219798
0.5404422160441796
-0.5991072098154986
0.2824685937589781
0.06297820873824242
0.03385972283782352
0.0048123957248635135
-0.6624373047536262
1.489857028371917
1.2697996836181342
1.9566277248451052
2.8834363492593424
1.2990766920653123
8.575256779453161E-4
0.6380176845535847
-0.7108871644076568
1.0082353686027634
0.2545339342905155
0.8773319817103293
0.09484361398087629
-0.03133561708077298
0.020997659403503347
0.20609856239017918
0.2654481331592522
0.3000676731281785
0.007833568840991623
0.00773304617100068
0.01037190128691732
0.14232851525459134
-0.07399447160405329
0.015538711397257692
1.5429611150984217
1.6807368963126017
-0.002259078929419389
0.0027530791488178494
-0.09513550125029098
-0.10886266450423397
-0.017305095040183422
1.041195904369368
1.2977856693443814
0.9281788535357128
-0.18532282464858382
0.9029090120540552
0.047670542095416525
0.06643905242147054
0.030061177645470446
0.27676338915819343
0.031268296826294506
0.5509321309248982
0.5780089329569246
0.11586444281251561
0.41648998570009355
0.3026940393473636
0.30683071982603133
0.5204474901337536
0.09669201221841521
0.10946899029745868
0.9942428174187354
0.1695280744807092
0.022834126950713463
0.009142817123798068
0.0028612391386005635
0.033850513719664924
0.029130999794475684
0.3644075861609984
0.004367187675828197
0.004411752258415249
0.004403213838722749
0.004350711613729595
0.004117010061088575
0.19148476422567934
0.019960502354627156
0.026734298576680072
0.007116853028857521
0.057294615099932014
0.03974604937590106
0.07489199762685736
0.06489647817804864
0.02768992192146696
0.04990270739937563
0.010754322589911762
0.030053302750383048
0.17758624910249024
0.0335541897966678
-0.0013785165125545155
0.00655960048707218
0.01812816868444612
0.002919777174455297
0.02252247438079199
0.0077920267066752605
0.06360528916627035
0.008141506683028524
0.008381350875271108
0.00515825936972828
0.01557142662043051
0.016358086868621714
0.006602478445766316
0.007279979552231146
0.007806186389400001
0.008252876440483394
0.01876152277453994
0.008964642230538366
0.01918931789985027
0.009482426061072257
0.00967898896599133
0.009843282306370438
0.020255303856612256
0.010213667281867511
0.012960231769030975
0.013986761823992793
0.15116200957825127
0.09277085002778726
0.039367192672112965
-0.18088427992002806
-0.17830015316035203
0.05643459794203399
0.014113101212355858
-0.05629315420035002
-0.07184061071137024
-0.031651159653102376
0.11173581213070183
-0.044752478333094925
-0.025705751706507882
-0.14027680572610346
0.1717638979120904
0.4863511408050655
2.4112334931786887
0.171491005836058
0.08905500995364046
0.026680124377733087
0.007013496420802932
0.004577339460701434
0.008793284800005985
0.14142368141745462
-0.10924041350053898
0.04904668925236882
0.27493414584941606
0.0047904609055408965
2.36322675399694
2.5797139077505955
0.21161865781586414
-0.1393746985638369
0.2770350168242868
-0.028225710624709414
0.16403091021084726
0.005068428374520842
0.008266988195874944
0.010586129113591263
0.009286617973187705
0.1630608752527261
0.12378469375145454
0.010507643020744747
0.010842539554477117
0.011543073245863993
0.025010329399705614
0.0032295488447682775
0.045886701675177624
0.009129276562887171
0.009048312722040855
0.007960699875839342
-0.09364657240116674
2.304766849370453
0.7954731732618093
0.7954731732618093
0.7954731732618093
0.7521490625997522
2.6163289336452427
2.49720337384797
1.3016232761190294
-0.207368799594358
0.014282195835319872
0.11170804110855319
0.021198428768648928
0.029671229177238825
0.042564138940234586
0.0038001766068348013
0.04341775594595698
0.04361802621638181
0.007023327297475683
-0.035817946266798184
-0.033887586541224465
-0.04292065823362312
0.0038583548942325956
0.008435478848019939
0.015297134000282528
-0.047538216989763515
0.06004899340184618
0.15771888870217488
0.06849564188250641
0.0846316961669925
0.3927326928187339
-0.005951708944840823
-0.014104173268350504
0.02662271068365898
-1.2432977050610077
-0.04703159191716104
0.040524303172035085
0.04051322770917046
6.346020563896417E-4
0.007963608154929665
0.008163168690032764
0.24161563585343407
1.6524161596868232
1.1170257729802002
0.053529557372205806
-0.020462980344764042
0.002314809877014713
0.09854113574355085
0.00853504542607803
0.40397848826122634
1.3562520057997995
0.5439476495777856
0.4530613876144983
0.015887943384122197
0.13175923682795065
-0.21396980271550772
0.017925088576460628
0.01832713474936533
0.018064428585664837
0.040950922542209105
0.058550557799982375
0.016374400561721604
0.012227524572269194
0.008774303953049272
-0.004378471254117794
0.09605616151097494
0.015523053425701821
0.09584385597708725
0.023986017419180408
0.06437449433013241
0.03963294425280413
0.047247570945216116
0.04843597059232872
0.02911597775204639
0.014504928971947833
0.03883495297365563
0.038291022020415705
0.05531300041552466
0.014733983174511555
0.014678587761371951
0.02581901414980142
0.025420327179957073
0.024741395641119254
-0.23050264747737426
0.0908233800713789
0.09137757712957849
0.026187539195425647
0.00939657452474373
2.1272839977822575
2.8815093088519355
0.11851335068031849
1.8227266290373207
1.0578312347039465
0.49935743535216515
0.19987041571031203
0.019485706322248112
1.0507526430540266
1.2754347444682452
0.011949548858093498
0.003646264332560154
-0.030405463838586756
-0.018052511633278014
0.012198521156996283
0.0039334195951625
0.0038996305194489967
0.0035568178368156353
0.003624295884257078
0.0036526155144138033
0.0036464751874310214
0.0036062444710255434
0.0035310139275613445
0.003262085082382923
0.0037392441074360133
-0.20822666039608265
-0.009706781195108292
0.024413237792207273
0.008385071558932011
-0.03795857181431068
0.08914695584769394
0.013554732606422119
0.10175250078906076
0.10159404345927131
0.0032299800517488356
-0.013621775618036383
0.020379591696197037
0.00896993699362447
0.019277930942285523
0.006881342674278824
0.002475842090789259
0.09287532248994447
0.01237271290953762
0.5997193575627441
0.02725313536136784
0.004688729904130596
0.0025341113350362716
0.002962093050494619
0.0031879846585634573
0.0033171789901004904
0.0033852561439920658
0.0034055656907739157
0.015060905867477834
0.003329312499574967
-0.00478001056414498
0.003086892591400486
0.002890043209954083
0.0023321058313107656
0.009976108188703006
0.0095594792555745
0.008430137862280671
0.04145641303673127
-0.0041964104862264595
-0.005011441744916076
-0.005246386098696883
-0.0036988766402698573
-0.014050019487887469
0.008566728267975453
0.004878134939215247
0.013076754434498494
0.004925233152828078
-0.014772325436467726
-0.016731652976412777
-0.057006850919304755
-0.056333589666739174
0.004957753963260433
0.005018149931355255
-0.02171059079413965
0.12228631642683008
0.005789707542554594
-0.04975264946903207
-0.001833674157890783
0.12495950455083348
-0.04495113337635873
0.08557656231268891
0.06842458588500107
-0.12292602960191733
-0.03200350570257432
-0.02834108042072293
-0.015762623414004997
-0.02419214169021219
-0.02355459995546494
-0.020944489119889005
0.014841172600527508
-0.012669233576664904
-0.020636401971606124
-0.0023534342312461565
0.014656907610407019
-0.038358655592775355
-0.007063534226332516
-0.0069884739519738255
-0.007059007390345115
-0.030160978118284863
-0.018880697010836042
-0.012547255754006694
-0.007559360937631459
-0.006753378729226083
-0.009321924807369512
0.010589219900797408
0.014483855166129395
0.011222333528877113
0.011019363563214347
0.019506504364469716
-0.3446446225439421
-0.4974179589860117
-0.4974179589860117
3.3176788128004002
1.2977554641891815
0.8983080701314854
0.5338094530351228
0.09327010287171979
0.10953713113480058
0.13933489526330162
0.1683736029944983
0.22207601190634618
0.4483141105399857
0.4982721711512021
0.0439171475858007
0.05749202613262261
0.07441813786010676
0.06671644772631329
0.09824789032068736
0.0644567796881295
0.04486489411363983
0.11693132865948441
0.31393032253863107
0.5248679128104514
1.0688413612405478
0.01960444768466821
0.012654579054789583
0.01519744597918593
0.008508722417355305
0.007189487750047924
0.21759841364411495
0.00868359638145562
-1.615827219914822
0.007306081016118334
0.007046259668366533
0.011653627080361375
0.006060185191359235
0.2368280428477428
0.3576510925121169
0.2391743342752247
0.3172940804417998
0.9931887471614494
1.3280463920854966
0.003981587778131055
0.00727644705863898
0.004229276944821282
0.028231080845097425
0.022018686210124545
0.02438171923924421
0.7310574123915715
0.7961318232112822
-1.280368413125126
0.5974659367123346
0.7946988849522268
0.9896151537784451
0.9363007539037668
2.038417502248049
2.371144327466083
2.5766075239318598
-0.2894707573205575
0.9356220291628937
0.19987041571031203
0.6708114994290206
0.008039970433579279
0.017116293858249355
0.005396748645501619
0.006824781691465385
0.008090740285499678
0.0031636241645361623
0.010250938667110947
0.09365380493742993
0.010551605198438905
0.5138906505950993
1.9458599131071834
3.0520245411951334
1.0411880279590169
1.5437093952693792
0.24273837308271387
0.011545692019380894
0.5932002872764881
0.0830509600141837
0.0044976191636079054
0.08377776058125913
0.006201199528445367
0.0032290597924945954
0.003219646654027726
0.0029433955199332403
-0.33187426106011836
0.004148449677502449
0.007429980467734961
-0.05116060210581573
0.013392173578639015
0.009503309086729986
-0.09412213496585269
-0.09320713741721927
0.009878972221217532
0.08042216785690297
0.07867365235053614
0.005040153846441891
0.005101189310394581
0.005107592045076902
0.005131350217858213
0.0904550441735878
0.007761608338161113
0.1748292575304902
0.09387955459358728
0.6914361053559422
0.3804130915314853
0.14366753818776623
-0.17474397587443857
-0.01611967486029191
0.05336420326382129
0.04505686168788656
0.22101436397314275
0.0095501761558577
3.2693006406301364
3.6152082435541666
3.942247785208723
0.010538174940588741
0.11319195705532423
2.064281366268632
1.5291740007069043
0.33120050666485606
1.0172076499845848
-0.23374359587867982
0.26570946420828984
0.2597828557999039
0.0032552131284693518
0.024159861956975743
0.02419810048914653
0.010727638667681045
0.012436940690349679
0.004611692435581889
0.00731188348685543
0.041970344567185416
0.2654309124058389
0.2886044399603249
0.05073359029256117
0.08746318218565516
0.12477850197010408
0.012594179333402858
0.00470963988677522
0.5805596064028017
0.5847287917302558
0.44252224911533133
0.5200038568000573
0.4741146153938279
0.4981083320125413
0.18339780772207362
0.29495341671062214
0.303895610262242
0.2896979836466579
0.17898312706673894
-0.05938472604708468
0.1288707882730137
0.11771046524824297
0.3681949195339284
0.5119801479903691
1.437703566632181
2.4197625646693086
1.7829678894294558
1.2093364767360244
0.35454125831891037
0.3156147788580018
0.3118880544574623
0.31882096154244577
0.29487229714484514
0.6589606587667411
-0.8392109018388846
0.07565798057939507
-0.054311427977901276
-0.03773282986851137
-0.03974491475293828
0.048775413086333076
0.04866495264649697
-0.0020559718866041852
-0.005675171871556836
0.04896567820721817
0.04916638140178037
0.044555284549519285
0.04791332091518626
0.04328964354197332
0.004734320800821804
0.07809106149849254
0.049981847485006864
0.0018325918806305682
0.046892069476591774
0.03139014904174734
1.125098402582501
1.0995010500853517
0.03615006613044173
-0.022234954492333276
0.002516957274934044
0.0031401339792490727
0.00330088122268589
0.003391722889646001
0.0034318344932729255
0.003429696153517901
0.00338848746060274
0.003309419451111816
0.00326995364988331
0.0888171227073467
0.004471825622700491
0.002464573855897846
0.006155784479658759
0.23900985867519867
0.004079787972728246
0.03151985563651028
0.004944958250810884
0.008631526041333566
0.00859703984079363
0.3353528699591526
0.371855623321107
0.36969422268932295
-0.19340297586575886
0.32984938357346977
1.0692869190952414
0.6967923221240439
0.3436259771650556
1.20333583689161
0.30307940704406855
0.7774172279142565
1.7034805355922256
1.798427190797645
1.2485749661165353
-0.1710045635500174
0.02157032772683752
0.01898761380936639
0.021053215585624854
-0.015275375581051341
0.4802625893871815
0.028115060612523193
1.6142064903262494
1.6291332309967181
0.5894130103655871
0.30663881436555096
0.24466854662666707
0.04998263888374159
0.07475517748137234
0.0756171644659973
0.03372415125928674
0.03118699456915627
0.005427345825243132
-1.5513147777431382
0.15988707553172887
0.5683034417537602
0.040211099424062285
0.13686978491172716
0.2698637123475716
0.34360209015723947
0.051662313616295474
0.05002446895864273
0.049629454516711774
0.03208523403328156
1.899378477096013
1.8941945414703512
1.5811049531040657
0.8939818977714225
0.747836286144589
0.05860968752504285
0.24290663048269684
0.06402092688287908
0.29500380561868483
0.4809925361077273
0.1413070125449222
0.14242902005709698
0.15051861068828204
0.34187969437334903
0.17079054109901673
0.17706793790267275
0.23910971859769226
0.2252580415635822
0.2757645194377496
0.363701598908027
0.46282455613463264
0.43580203129353035
0.5346193124987354
0.4621529038944243
0.41063977865313994
0.25006928253210714
0.2819825484235944
0.30376675573435363
0.5298051202396393
0.5577324641885891
0.6539604863375496
0.036888562164813336
0.04210526315984299
0.05787716909686051
0.126489970720307
0.3876079361300121
0.4394721001908347
0.028069009521443634
0.5960913718880028
0.0026149618078151354
0.002859574560888937
0.002900608385302028
-0.02045648423112613
0.0027575031550233545
0.0028152243299335096
0.0898710616335662
-0.05150991328550693
0.01790348003631952
0.08971395869018928
0.009607763406572345
-0.19999128104200253
0.004109233612315779
0.007127580327615714
0.5651146984741695
0.22216847696658285
0.0170872549710749
0.002608084580048451
0.002935896559351145
0.0029079115588021326
0.007213916682843999
-3.8078653782912006
0.6280701185914488
0.05210120590837682
4.555564358461523
0.002133654211577201
0.004830667283593957
-0.9938929622007311
0.016343352971021897
1.0470998794703208
1.4298026685145957
0.7808184065611026
0.018925124732945924
-0.13234839929709874
0.031394750382657
0.02394729065618963
0.0030221578710438813
-0.29072387922900755
0.039318708516307754
0.018491514688622163
0.0027412118441855135
0.002761727950529337
1.1785329676782548
0.15930476544976344
0.02965263646804283
0.017270863551361135
0.021021458508713807
0.027203991388280536
0.027112564603715514
0.0319828871660304
-1.102545817945113
0.008454892727722279
-0.012245303663108359
-0.010566818677952953
0.012067117726230078
0.08168040385286886
0.26624753350610714
0.025076269172564464
0.08905172842985921
0.8839386818154177
1.2702654966673699
1.533388581673908
0.008290103252660233
0.008199019772947281
0.008059533929828298
0.007847972970167571
0.013264714108365341
0.013287180190518947
0.006639834312143333
0.032882689968876846
1.005393013825075
0.013099758712842354
0.004137174571166561
2.5635182357226878
3.1623666521416265
1.4986784927927836
1.5615668493781982
0.07841171833934198
0.033274117487101074
0.0588230730196219
0.00267817986113434
0.006523923159596091
0.012303780104275474
0.02275428300831662
0.0060730888836285956
0.0031398794193930064
0.003185500095769226
0.0031924257420325574
0.0031599516407125284
0.003087742928045863
0.018511004398990987
0.01689039267147613
0.02615732854058261
0.023973309300555655
0.003873071827802238
0.013582737528200236
0.004591402467677569
0.017618312332220082
0.0035690966890811306
0.994844442155695
1.6147521194248056
0.010413892435204977
0.012334417868189248
0.005929271329692499
0.005682661929681277
5.541978359656128
0.7085270896165552
4.900020977554267
1.3983088067134826
0.04181306744946028
0.0380680523734568
0.025619715203504662
0.00849631271818413
0.02282393857651995
0.008914045765170178
0.3532485933106322
1.0096019087090384
0.01380359902186886
0.4106408308303673
4.719462225675845E-4
0.003241156073394276
0.0034088555318910613
0.003422932961281478
0.003402248449960393
0.0033470324487278073
0.00832315363764263
0.008154601292906518
0.00319120706205401
0.0031839385681840643
0.0031944927488715296
0.006067541586634171
0.014882609558746453
0.25697279195410894
0.2659201965515169
0.008445198040416364
0.07111124821099042
0.10242662745627693
0.014119947271917873
1.0497929281670393
1.2749153834771538
-0.02257921135677995
0.0044638041473517845
-0.024143471409796224
-0.042796188834661124
0.002920423719899577
0.0895528062521096
0.004012819435222851
0.11171729161827913
0.002383687297313117
0.7155134324015188
0.04892556203155747
0.07502750980401378
0.08294818949911317
0.08218987497417116
0.0948931610515852
0.10443341645777875
0.07815352922065491
-0.009884011400007614
0.5961598224660295
0.012363488089201468
0.0030512457961463617
0.006714844363459516
-0.024269125216905565
0.030598735928260786
0.00427569333444902
0.09499326513847813
0.17253284869250157
0.16675992979323054
0.0031497509754107923
0.01937562595187394
0.019282824835157693
0.019264381676829066
0.03927060266306487
0.040377496797626804
0.019477300278796673
0.005590841893213825
0.0028296093538804526
0.0029346049228310403
0.020080052688535847
0.01999885615305784
0.0029765660595229225
0.08905970645056176
-0.007951929179250626
0.14392508731177237
0.2047084876267851
0.14991764015438638
0.1077861814971573
0.034158845290456506
0.10068948663815622
0.05926952133487139
0.05724013742928695
0.008467100772222744
0.07379091175095209
0.08953641024150925
0.004288373705408563
0.004435738414928227
1.3464810865425081E-4
0.006637701365022912
0.006417671060597312
0.0063087782842941925
0.006257477225770413
0.019051694851437893
0.013890978635329116
0.006355879488942227
0.006422630242398218
0.013953210726382554
0.006575131855286487
0.006774313497621565
0.006884976027709086
0.006996545823178409
0.014969671327085418
0.0072498071439828175
0.007395825878794455
0.008204398429155997
0.008499375315176909
-0.04001937115109519
-0.0019293026060205264
-0.002451705854999578
-0.0026880073948509823
-0.002819162800329678
-0.002888323271988849
-0.0029094257101889673
-0.013823906103752618
-0.002833972345334386
0.005523170781194636
-0.0025914968751709986
-0.0023943783079407887
-0.001837607436766972
0.017836411562829873
0.01826492654240851
0.008516612895712832
0.008626899333962686
0.008755085417865304
0.00890589406592517
0.009085126082549107
0.009301197983076305
-0.03932913305508975
-0.0024802963400339948
0.010963228159591961
0.0048204247569343505
0.0951620488141279
0.005686412941164364
-0.015608133202329542
0.0058762364919698485
0.03139766646094305
-0.00747992738407343
0.013076105050223665
0.012742922479222206
0.012546895165227917
0.0512994396779389
0.012353611833490888
0.012310392672716854
0.0122886298549434
0.012303696374237618
0.03792653586672097
0.025588810296837433
0.012491378431207368
0.013720986296979213
0.03242090121404806
0.015749091965314606
0.01671211012838911
0.014690683597427463
0.10503975417082506
0.021512142214624455
0.10682263008446202
0.022945686586382942
0.19735991271503628
0.14547732945764194
0.12486699161833899
0.05578748249118459
0.04827717811896663
0.05559087734235234
-0.0278058807804443
-0.0913287506969704
0.04768000902459374
0.03263534357966825
0.05563432785066466
0.017978453870805735
0.051778885436570964
0.02446249159530501
0.04824330007520367
-0.04547123650232079
0.04270116044439526
-0.03557081303594063
-0.07389504588374399
-6.649249292934918E-4
-0.15738455088843975
0.03202833435493617
-0.016979178863955457
-0.007040216800082702
-0.02419022975656686
-0.06075157768409869
-0.16705477206851066
-0.03062309539978252
-0.044775970838263894
0.004074278757244349
-0.025241052777679282
-0.03656734952429149
-0.0014375136019455597
0.0069400096583127156
0.01509278177446676
0.013270610418553921
0.047790912246046244
0.0241969868490101
0.039598696417613335
0.023461639971529655
0.03090549724595586
0.022978622879701656
0.02290244796680594
0.007559150460186966
0.007484344380656367
0.007556237544767898
0.0036138196943254065
0.019912027408291757
0.013211180686753752
0.08912560322694926
0.09711416706557557
0.0905459182708007
0.05582443480594679
0.05181118326182194
0.19707545038178825
0.09386764083265005
0.49485636890580653
0.6484542638312454
0.08164711543332936
0.07779593609725453
0.07074518728659968
0.07772906997354398
0.0781195249995608
0.028313856074137056
-0.08733289365595764
-0.023137010378899085
0.09207562966520073
-0.2633120546478001
0.0825906859496868
-0.0788669697919893
0.18084034456275833
0.07439450028523291
0.0641160666951115
-0.11750599066027248
-0.12716813756963113
-0.04547256271152086
-0.06867870639533989
0.062065940852925584
0.062120358646628675
0.06156528379687819
0.12949997653777817
0.043886082624571804
0.24255340466232206
-0.7766056716964651
0.007792074138497817
0.1531022449808368
0.1790184372871332
0.17939578948037582
0.018900976292135364
0.017692643840282445
0.017357505754339943
0.010665982787423556
0.1779747048443247
0.0066217954980971015
1.7719550111364974
0.44242669935632606
3.3297045786920845
0.029030598629152315
0.03662599919538282
0.024620228809393237
0.0316659721753064
0.03431811290525881
0.03603553191516602
0.03642987895792428
0.036514385197570755
0.028118660908837013
0.0366184208198314
-0.20238478754230999
0.18850341318135552
0.3632963204089802
0.0010248117311635633
0.6192590374613545
0.006206706043706448
0.23903883124626218
0.005447828314898399
0.24616302953239708
0.2256556055362018
0.010999869037356957
0.004436625528378701
0.0029916471689039473
0.00309539200194792
0.0028630110855716686
1.6793448243573035
0.5576143397997759
2.307781746574414
-0.35280563374701823
0.006600687854711591
0.009896085507376497
0.009014049443909251
0.004898948336758876
0.005014111040997889
-0.04406321169051852
0.00511676167484063
0.004988222202318716
0.004868719555155837
-0.31861413971595326
0.007563647672468325
0.23312096820355813
0.08873256973084492
0.002338743694238583
0.010066362408277355
0.17741898641835657
0.9673863977622734
