137
1.956234829244651
0.41169769298845676
-0.8311955096759454
6.501860118326841
0.1898494557767409
0.1898494557767409
0.4763436276110307
0.07505705672292942
0.07505705672292942
0.07505705672292942
-0.2953801945083679
0.3431440636599953
-0.35893003005599683
0.23851536768904402
0.4668233574151891
0.24623518128225846
0.2866933814188676
0.38061312774738765
0.3303365597063665
0.26088718499420566
0.590445517012798
3.7005598143572973
1.70301563897065
2.3262228425433937
0.15407976400599344
2.248730399177393
1.181978164028606
3.7053146004771187
0.41596154309256844
2.398717255137171
0.36151163578691103
-0.04277944120158188
5.822320579998707
-0.7666827952295067
0.7904460022905827
0.4058461136848395
0.4058461136848395
0.4742657536151348
1.9604956688257968
2.026202690216018
0.43183439310575233
0.18474553401103092
1.0707951901565242
0.27515495334485596
0.29527207058714255
0.2927753608221263
0.3535323493558221
0.2570147140895297
0.2268688527502001
0.21522259592559406
0.26095079921950853
0.3250013628714018
0.3942948747759694
0.5501922146523991
2.7113411795302027
2.5628976646805635
2.6298191308103123
0.3039336437797634
2.9944167214264223
3.207114584699387
0.7024364369651864
1.0561764428118692
0.8689245116740792
0.7995652189025189
0.970228647628462
0.2552872473841867
0.3192600699130671
0.32987749691953294
0.32341935432935415
0.5729825422873153
0.2362424097528066
0.42920548732416486
0.37578732243942947
-0.4648291704331203
0.7865477297441985
1.2306424508729583
3.3034109696761873
1.1791859595122303
1.9452897410045962
0.5972256941431405
0.4554212838919218
0.23847910445091067
0.26678908879356783
0.3117595784024358
0.3334458395935537
0.32809428801188395
0.3913138527871582
0.22690639590879008
0.8440383151478733
1.34515991010426
3.331911646332051
3.510777575535452
0.3085119230613224
0.4042014089981925
0.3176259439828713
0.20318087609435564
0.21518763796140422
0.21656765378069942
0.06841963993031068
0.06841963993031068
0.06841963993031068
0.4312993990301129
-0.1093187902492345
0.47266025952250895
-1.1052490997369737
0.27077809580246615
0.2083840870027665
-0.1011382973889249
0.3285123306124781
0.30382784386733186
0.14348252526274413
0.13478543951046437
0.30122724120377636
0.09528133563281153
0.5651254856855336
1.6017130316715178
2.2973402958796982
3.6315133274635922
0.7416371441487785
0.4551699646790619
0.435906780085052
0.45491102193980454
-0.005476024226753547
0.2944220499182203
0.348055120459093
0.24861472183354316
0.22619983889719888
0.26724143011772317
0.29290183467959446
0.2604064735784051
0.21609245269534252
0.2695317139596853
0.286103777273751
0.32916185070770765
0.38678138562952336
0.4901764701244162
0.4901764701244162
