48
2.1881313975472065
0.7485420316683258
0.73526848970368
1.1959907789644428
3.433181238980009
0.7861707549430497
0.8274933351545118
0.9315254481017997
2.778982194944907
-0.28819844510888176
1.0714582252245104
3.995966969491866
2.9006381054327632
2.223763720632961
0.7645546674292911
0.849961226582661
0.5085292297259192
1.2020835739047557
0.9340859545890235
0.661289773477979
1.5138547615340816
3.3847340414165297
0.5129857845751099
0.46357917728278053
0.41339092323958193
0.6661245900719424
0.6243608456358841
0.7419577270857634
0.9066972607220193
1.0247195565948832
0.7915338793811239
1.014945830051148
0.1707221157974336
0.5557880558573993
0.2782090880456658
0.38929331890651203
0.45260847042655317
0.4583037124553537
0.6167423245835564
0.9657032330834564
0.6611625120758702
0.529513075933463
0.5530487909239403
0.5530487909239403
0.5530487909239403
0.06263920214771988
0.44280726525429526
0.40462351495331894
