67
1.2550245019207242
0.04009587027476445
2.985870494412629
0.6037944395776801
2.3660712280619345
0.4969865347128168
2.299809882950305
0.8672521018792261
2.4069758231898706
0.6104592200630876
0.6104592200630876
0.6104592200630876
1.0589134497739459
4.918037643356226
-0.5877979513405895
1.4719934357586821
-0.7069271916866943
0.9637546211398238
2.31252340390644
0.9586216665674465
2.438251437805516
0.31373250898123833
0.7015951303684398
0.778432098286922
2.9206491574432127
2.4394434766400557
3.106988724671989
-0.26301696262812463
3.6201430266704575
-0.08833268738881118
2.440016389584924
0.784406402390344
0.784406402390344
0.784406402390344
0.7406471524628665
2.820732469784163
3.433049254567039
1.0447819084600232
4.316037488843432
0.41151200464395105
1.0777509069135818
0.43060797815403684
1.1717104137727306
-0.6757866623812882
4.122281795634429
1.419705272544441
0.6199628699290335
0.6199628699290335
0.6199628699290335
0.47068566600014766
2.1207940506668725
2.660341823255425
2.231689675666896
2.8365628063478288
1.0666869430591361
1.4077524655389542
1.1453009852902836
0.8116912806063812
2.0475108318256487
3.4248305921286275
1.862380113135614
0.4484542297108604
0.4484542297108604
0.29685264303896114
0.848431191547324
0.8454927275850229
0.9232937591849574
