241
3.1929150900696226
-0.36179203888425776
1.2035220278105587
-0.6251241170678483
7.22161434235435
1.2694698963118123
1.2967797776663506
1.1961293715275532
1.1961293715275532
1.1961293715275532
0.49680994411595275
5.310869793227494
-0.06736876263998619
0.7631010015191154
6.410803893128296
1.8714180760507062
1.0713455809742567
5.615659452292502
2.905911881692208
1.4245861361369125
-0.5914177303326045
4.993772403892949
0.9139390352908516
0.9139390352908516
0.9139390352908516
1.8324975368507388
7.667514435062044
-1.330155129929092
0.7675838745121079
-0.6179047350928791
0.7898588501112601
4.0083050981837145
0.5774280537023272
0.6315175142102541
1.0298098397608524
2.5284152927882535
1.393467860033227
-1.396403373759001
2.3828442085186756
0.6466080885668447
1.525794198476365
3.034050023379354
1.0588968727973154
1.917875692399653
0.3980595612072963
2.2700546678522215
0.5842039928921952
0.4168986279346344
0.19126999359624866
1.1409460192601086
1.1094958157048895
3.0854872683184063
0.1824386608800708
2.104165234466625
4.0234635882620315
1.0657360255793908
0.9185585015598919
0.9185585015598919
1.8918310376429457
0.5778664438069135
0.8031075009448972
0.8286105889223808
0.6177298076945361
3.7490315722120036
1.4328198282114255
2.0243889270444977
1.1702481288678388
1.4068698651847305
0.5067263207046909
0.5239338380385583
1.439205846232479
1.452801561624304
1.8984292441789368
1.0370185843737676
0.2840118491814603
0.4897499306094234
1.3249551200906804
2.548595478150539
1.7511563138849333
1.0580392676045607
-0.07918756739920711
0.37736596209998086
0.8016593846640973
2.3034354168861717
3.8656255727604765
4.134959902095169
3.0276392062314206
0.11265713762031776
2.1361460462394306
3.458086640964793
0.7455963517269389
0.1580361925975323
0.3143278742933298
0.3143278742933298
0.5667132986606137
2.2119508421315803
1.537103510872575
1.6854268721412178
0.8228338296108287
1.3707939339913786
0.04457201960584245
0.4877277743244283
0.20270360527554607
0.20270360527554607
2.2453235558342857
0.6059006516512678
0.5300879601364876
0.20912133507126088
2.3745135590979918
1.6802731838733027
2.101512531995268
0.8847302400206704
1.0730108178804596
0.22030362922797872
0.724117658704713
2.7283616036012845
1.979241556164032
1.5932312978748358
1.409381851895783
0.22543604845872614
1.2657695730681038
0.4720363328434484
0.573309615155229
0.5664855310896935
1.4990101096029527
0.8731807094704167
1.5067098372388936
0.3884601041850705
0.3069132462169706
0.41100357942935606
0.45779981084614524
0.1749574025928093
-0.13649517589687143
4.293271992464674
0.16423149456748634
0.36120847119073285
0.14214643114827485
1.10533473190343
1.1262852682147162
1.129511673189338
0.8688787770765712
0.7050426906724133
0.8810366137765694
0.1365601384646722
0.22666045015613775
2.8280500111724627
2.9018658057656834
0.7267651224567545
0.32300190794277495
0.7218725412957063
1.6037877232149558
1.1265141509646384
0.05522204126194941
0.056860071567141755
-0.48100438798735096
3.0031013153982204
3.379922933536848
2.465798045128716
2.1217745411104194
0.8756895491614591
0.3395347065492728
0.5666899026933815
2.5603797522952996
0.8853923644767183
0.2575720040521636
1.2469053655722078
2.0016679432621554
0.9337743916138349
0.17395330474185838
0.5192264193109802
0.7142796229892052
0.6964728339241656
0.5928974208664286
0.6272020519818705
0.44793628303042804
1.2281263198405545
3.4561278631817385
0.9679812792207504
0.33316484270319
0.8110945216415879
0.9815819352828301
0.2619741513612141
0.3463030832516629
0.4817848931241086
0.2827544342195253
5.272141959392136
0.7161021327410472
0.5816791286615958
2.423651642033715
2.9410378367301027
1.6185516707159546
1.2510320173441773
0.22217317387596563
1.0199055444386176
0.27082515044147387
0.7293656413128181
0.24158923950508468
1.512175542187195
0.893987581572838
2.5697853504754034
1.0335367126837063
1.683462308289112
0.9287117346698995
0.6307380691926249
1.5517874289217397
2.052125743647986
1.4986448893364612
0.0627734920527017
0.06605910987434059
1.5416612979210198
1.9017297784201515
1.0695203492224723
0.4427386806877367
0.3200025247160046
0.08341015002181251
1.0402554587945874
0.5592783286738264
-2.4332858107137874
0.7889536382844247
0.8146463356445373
0.5849790894860265
0.5927467994748647
4.75332249161539
-0.20775809508745738
0.3339172455529645
1.518066957573782
0.9363483662330858
0.37081407642882586
-0.6510485293125018
0.18996341881210613
0.7761449407079812
0.17938509268631603
0.174270768017402
0.688712838561215
0.40044242973309957
0.46739316541172643
2.141555459474444
0.9409097764332909
0.35015397349757343
0.477994585804402
0.1594225385546782
