35
1.0023925588279274
2.699765633648446
0.43202026961823137
0.43202026961823137
2.8895050788787624
1.01296715089202
1.4960289745896342
0.7665825988020936
2.3586146217133748
2.3586146217133748
3.2604291270876997
0.830392584649895
0.830392584649895
0.830392584649895
0.830392584649895
-0.39610840486494303
-0.03605856590850604
1.731889366301192
2.206081121982745
4.982499674485104
0.9238762846363163
0.41599685642765244
-0.6469447578135704
-0.6469447578135704
0.30247645548964763
0.3367432003003479
0.3760833924936999
0.42427357405010485
0.4385854029360207
0.5703722892096954
0.5387898314863149
0.5397889234744944
0.562951988306584
1.098428051666394
0.32762479557456914
