82
0.9574128030311377
1.0181330185013175
0.9574128030311377
0.2295000039597945
4.16454352622406
0.15395417109886678
1.2112455572514713
0.5446601461103378
0.48303368917979667
0.48303368917979667
0.3657177402425509
0.38529600613156234
0.37868818074519767
0.41570094688590226
0.46801955360751585
0.009108448679104545
0.5729398328033523
0.25764964221908276
0.25764964221908276
0.25764964221908276
0.25764964221908276
0.6029199585495899
0.49172672448732585
0.7593786021594238
0.5868889888484213
1.4039300304303388
2.787201273070501
2.1871197734455574
2.1871197734455574
1.7055228688423953
0.10303832776587003
1.2292039213726191
0.7311506517545143
5.385956058870573
0.7611913284857688
0.5302480489138387
0.37436719971732757
0.05709362013844296
0.05709362013844296
0.05709362013844296
0.05709362013844296
0.15205087574108928
0.1053406228977925
0.09411900189071538
0.0693574384162433
0.07837959369780716
0.2831946078848308
0.08608318639749352
0.2998537056141321
0.1931194856030704
-0.3787364177600103
-0.3787364177600103
0.0705844368327978
0.06143248692238432
-0.349741226160278
0.16935997299743813
0.1995159691461617
0.2128923220282172
0.21078623672655528
0.19351002213477927
0.15929370664842143
-0.25219868319027616
0.12155756911736591
-0.39568749196276
0.48899893029555436
-0.3545038066123312
0.09171862550404553
0.06725043804942428
0.04308529437794576
0.04278641353526968
0.09771193343926887
0.11272997781292168
0.3340734087909932
0.17617931766096967
0.18092559497803037
0.11683477823016317
0.08187228440941242
0.1482025789145708
0.18646822460283768
0.21026413974126587
0.9071313794385166
0.17522873236106545
