33
1.7102735893899137
0.49534933213201876
0.8552013607809085
0.7665915953448019
2.8775282480001754
1.1776434557194801
1.3452223088498618
2.6254821262741985
-0.03288210479328507
2.2837224025508958
0.1579907559532183
3.9853492214065365
0.005031652692528109
2.0227355614545486
0.3155901601268635
2.5973889619128436
0.9726224490953346
0.47577189123962194
0.47577189123962194
0.47577189123962194
0.948684673787807
2.726639822002108
1.6810691969574396
0.4729127825481829
0.8550722286090041
1.1729913138798593
1.2842042412144044
2.361693535341057
2.1973522339427496
1.7711611361602426
0.02393777530754142
1.6595109652987317
1.2081564144092538
