34
2.2070330116689036
0.534267835565117
0.8328993629555025
0.5050118929190099
2.5261842988724394
1.7316748604229342
1.4171666719790206
3.2107529686945573
0.34881079038185026
1.20443946565313
1.20443946565313
2.3649573601219402
-0.26597533697901693
4.19136835963732
0.2972659696025811
1.7924103998680267
0.6242511391982618
1.4947814899468
0.21889752760072836
3.075178709692614
1.0557647401309387
1.7036644222645447
1.0065142473062911
1.3741336487134006
0.5856111667072577
3.7260115451310685
-0.17228804770385098
1.1563691178106894
2.8198722473437683
0.9378685170557407
0.6208756533072706
0.8679863672054987
0.6182146948495356
0.6971501749582526
