44
2.710038235067622
0.21494466510754429
0.7036274524172756
-0.041413005744038264
3.6283897330320847
0.4036384258372977
1.831446088897457
0.5192829324175233
2.263740365552557
0.1467243734277051
4.915936469649896
-0.12867101654262597
1.7136530828112508
0.160775502640626
1.5131102745578786
0.7565522481235678
3.29548462114839
0.9929334121629704
2.425341967035371
0.3677032537412958
0.22981152342850703
1.3027807221976804
3.6766418234878917
0.4952448956620737
0.5777243031071074
0.4185206480525763
0.4185206480525763
0.4185206480525763
0.4185206480525763
1.6749156005956571
2.202870827721842
3.078585820341848
1.4489554272339153
2.456887251522205
0.9421677626055146
0.8640211004075731
0.4355439224840412
0.4355439224840412
0.4355439224840412
0.4355439224840412
1.0464230513461026
3.1909976778184626
2.4729431044656973
0.9499403640850276
