61
2.152214945227316
-0.6276945782547688
1.1007389421114613
0.8860695856135079
4.35416300608501
0.26251976291038387
0.5335772628366008
0.45591594439291866
0.8938331033545295
1.0408769613214126
2.824768014862109
1.8093294177689685
1.5320957767463308
4.162910901021576
0.3436791488632893
1.4553553039614722
4.635421760951032
-0.3315145679053339
1.9710704299453974
0.5961827346355599
4.674687296723523
-0.7015093627102225
0.66392597283277
0.41095457196955415
0.3090122220669538
0.26126035945256254
0.2403730914145462
0.2403730914145462
0.22287338651133085
0.22909948162551144
0.23069313811843803
0.2290241821873514
0.2222832847125181
0.20217255489430783
0.34667291386264715
0.21535308764707337
0.2580542112662846
0.3147111108671019
0.4588635223204277
1.9000732021315347
0.9508193763464385
0.3231976854132367
1.0514760031158508
0.9391680381337455
1.059934172890257
1.4650644907383803
2.8604410741828357
2.061501781467961
0.7198437657877033
4.594787106998921
-0.44639462971930804
1.1142648057621758
1.520298394905959
0.6051774586686696
0.3533980884375073
0.26361114491009513
0.26374863673715354
0.3188989676531168
-0.25024091421875855
-0.20623955541564956
0.9492538257850914
