54
0.699886143531539
0.4153031207579324
0.699886143531539
1.2714153600792133
3.8540962135564154
0.7753024746865097
-0.25923614328775146
0.6949936528410686
0.30057178646264976
0.29295311369898636
0.17306808130831894
0.7755339578884951
0.8079355905065893
0.8972610109501046
1.642336939488785
0.3282837598467786
2.888975292872847
0.48795326952175383
3.1400039214121396
0.40336918952913065
3.179933453254606
0.5165049958477499
1.2432568896554228
0.6166725401884002
0.6166725401884002
0.8282107798091669
0.49150763645040924
4.639317626936109
0.07568868651631623
-0.3007287299167062
0.21153823962076998
0.21153823962076998
0.21153823962076998
-0.19432849958088272
-0.053763379950678584
0.34741238210930825
0.34978545229717584
0.3358695460667246
0.29650188036162983
0.20226511489460455
0.20226511489460455
0.32506436871453215
0.28107008113985704
0.3165078172948139
0.31556647020493367
0.27714006990674717
0.329179245093328
0.26357948972266515
0.25778381258384514
0.2725310157512312
0.3136359991838226
0.29885538138586276
1.0395150421239905
1.0395150421239905
