104
2.8301694129473054
-1.2562221807847038
0.2819782842550613
0.5221725198759901
5.548642761147688
0.2104685037956538
1.7456022031580622
3.018688013499031
1.673228464086696
4.835155000614594
0.9705346745886663
0.9819131711233151
0.9819131711233151
0.9819131711233151
0.7528633555418288
3.8105226828097263
1.1507927102771995
1.217545115711
2.4823718578222946
0.25479012635261766
1.7081589373018256
0.3037236502651346
0.3589131419703266
0.3716312497510138
0.48133607986934307
0.4122668961635258
0.24334248012883516
1.6948478612249211
0.33681405915184937
0.5244281382674256
-0.17794872729843075
2.5751296099382763
-0.25577735010416475
2.2654473007555893
0.9415115955710328
0.9415115955710328
0.06976325200343539
2.972528383263448
4.62605852347306
0.27817508410646186
-1.158422186447853
0.22946980869057285
0.19876783217001062
0.2025350588474056
2.312983547020985
0.2821960946058283
0.25800211312803206
0.40682684208483383
0.47588995355877545
0.485779916075659
0.5365347552220535
0.6585672699767787
0.6680756752678031
-0.13287079863858414
-0.10892675069467915
0.8938393375383424
0.5212892816624858
2.7730012910111306
0.16370776795681483
1.3286798527752544
0.20651127346683698
1.4285175970962896
0.3997242719502742
1.8287106842419059
2.8289172755610843
1.9938047587402281
0.3740533299328554
0.20668820496969273
0.12749879629904498
0.04163211101419439
0.10734619261122676
0.07598328965705924
0.1071277592887576
0.11618000241570242
0.037384307583972654
0.05050837435742235
0.10719988632503549
0.03796779314372029
0.03129023754250918
0.10714394374827445
0.1072556456130087
0.02609346874998364
0.024639778230771774
0.8339959436499381
0.8339959436499381
0.8339959436499381
0.30944364337797214
0.13184600100941268
0.10726144235664198
0.10714635114964308
-0.5245523002719864
-0.5245523002719864
0.4498090043295426
0.36512652244086247
-0.5673265667397001
1.8994064554633643
3.674737001894729
-0.07231223001730396
1.249814133680302
0.4495394973471438
0.3810327250492039
0.30294925073684664
0.8424148588756355
1.6055312199620848
