174
4.829957333666715
-1.5799696694063896
0.5290245158697732
-1.603131377916075
7.518902104251681
0.8861460046890642
1.2432710840887649
1.4918835362975509
6.249893213584413
0.8573199333839208
3.161606842214099
1.0427247191285558
3.001800033114162
0.9706828273342912
0.9706828273342912
0.9706828273342912
0.9351391979220443
3.990309450928942
-0.03616274024635296
3.923685212422277
-0.09622608784292129
7.535201010279363
-0.8255852542482226
-0.8255852542482226
-0.8255852542482226
-0.8971176510864681
2.5653717599250094
2.0441308502926145
5.605810842475028
1.4119820488657295
1.640083433580349
1.1216077490664325
4.3590040613138905
-0.6531695725967009
1.3050367987892608
1.9892116292399198
6.812494189094263
0.4381355731604777
0.19837238155013234
0.11293134939892524
0.07918265370395533
0.5715245854628854
0.5715245854628854
0.5715245854628854
1.477286819442227
0.6580345971995241
-0.46497500243591383
0.4322662113206192
4.500235116990172
0.19169642926374333
0.9695693175838727
1.5614353228191091
2.968944803933334
2.509090687889928
0.8763829341241784
0.4420119963691159
1.2465067180312812
2.2504323517863676
0.16299844688628584
0.11888227241391852
2.769687115072834
1.0700008186538208
6.775408439892626
2.0406452514593965
3.037173204470915
0.5109443413168591
1.0241700969844119
4.632360897271079
0.05746843362624843
0.2802471809239246
0.18013733434271734
1.4022513531602625
0.8487431309309067
1.212807847042901
1.0716576716418522
2.6548358193863564
-0.7876585216892602
1.241468605885041
0.8750932963082189
1.0971242838287978
0.9974399017060896
2.0738158831430464
2.047312109216836
2.024404443976211
1.6490639994344487
0.20577386216477797
0.42295736859624355
1.472634910676531
0.7055946782866803
0.7062173545323981
0.25473513792631186
0.4816761059985836
1.8536089033350274
2.1165502352930954
0.6721950105219902
0.9057622339793414
0.9057622339793414
1.563143701138494
0.17666110403971425
0.057509857476845685
1.281707972882169
2.9112433484841906
5.3702665271047305
1.3726810346200302
1.3881067098838857
0.7037145569351311
0.5743402300637501
0.4213226719311012
0.4801383700577197
0.3112886099150487
0.4054597174546616
0.4054597174546616
0.4054597174546616
-0.2719489916078557
1.846644824890692
1.6850110383585275
1.8512298391330808
0.6338204485865996
0.3318466770844599
1.3913573417667422
1.4608108940334517
0.051153206659424307
0.05130131195052574
0.05237496882715653
0.9987431644353888
0.9340377386051033
1.350578097294646
1.4134507648727939
0.07020040179390194
4.572939202962889
3.9516143380611615
0.8486335667081126
1.0791122446147472
0.5959196480838544
0.7558998661983931
0.030686410208642094
0.04385887893665846
0.05117873632649388
0.8309239098638951
-0.2924098710301242
2.140296401948577
1.4516674744319396
0.19853541019521567
0.353445289470382
1.002507258253069
2.5896975329425906
0.5464053888271994
2.4659931117774527
0.04538338854147007
1.5677991439011003
1.728184127694933
0.3858326237823951
1.1928631186244696
0.24188217535874382
1.276375832930708
0.1686615923714926
0.9079766288395859
0.9291307037690842
3.3216262312778984
0.5409156442842951
0.5322070968100159
0.7511850299511817
0.549046009409129
0.17975144462605186
0.07324960736493082
1.0835779260332146
2.145393843954274
0.3583946206675562
-0.6167371335943698
1.3489801531106111
1.5434357440836273
0.8226312258326124
0.8427873916050532
0.6005782459850817
