92
2.49155969319785
-1.6373368118457403
0.7310291914523734
1.16724045939985
5.229578345807528
0.32141787621995893
0.9258536454498645
0.5903646113782636
1.8570052077642458
3.717685213721889
1.2110648855188648
2.03436022450467
-0.4949541346707664
4.08508947450437
1.0273442524118617
1.7418766720402183
-0.14621392744336523
3.4857820121377694
0.7680300067832257
-0.40458801498522556
5.166310269868931
-0.5002534522615344
0.4253021266501253
1.7486542039629347
0.27337211289655194
2.7735204528093287
-0.10423933921729031
-0.324631947948048
1.2563798679406761
1.459899836953111
0.7228328099770168
2.41130445293245
1.1201918937627733
1.5455222888348896
0.7232123144358358
0.18879172621381318
0.42858395455630327
1.2601598010728206
0.8315758465165133
2.1616308696048443
1.9642103484039015
1.4671171017838007
0.33596094032648405
0.33596094032648405
0.89603602886085
0.16444772473688363
0.9294849301911388
0.9178359512725335
1.4732581785292096
1.4667153848220804
0.5600750885343673
0.5600750885343673
0.5600750885343673
0.6923399568146237
1.003318537989356
0.8844336653353672
0.779753117327868
0.779753117327868
0.3500423163056835
0.3500423163056835
0.3500423163056835
0.313848348391685
0.7155141554430261
1.269690013432438
1.8450598281340458
1.649364363940822
0.6655545520496694
0.4784506146759291
0.18030651844608214
0.6963175584063813
1.957714335460967
3.1934208343326813
-0.10081887382343184
3.725097799448434
0.45539146572114286
3.3455308720962003
1.9671350202029323
0.8072846489423077
0.9722349842101865
0.6986373192900331
0.7521559387493758
2.2900435795586813
3.7278415102618405
2.0278710523449366
0.8064029112060732
0.9710489730646136
0.6980280126376978
0.6008785404083687
1.4414312623257097
1.422246275344024
0.6909075186455657
0.23555647294440746
