35
1.011723365614617
-0.31495390140357227
0.5023903724252826
1.011723365614617
4.990949552312015
0.4769351130589643
-0.4232368209956483
0.5300154275835279
0.8285040558848594
0.8285040558848594
0.44692776234341003
0.6048798473727196
0.6179461134309017
0.5007464275727437
0.3441932764837619
1.9970376742268299
0.4471089605778895
3.0834653892924755
0.39171783508179014
2.9566155612259033
0.950613058840046
1.8858518280767502
1.0092017168167224
2.096042525269467
1.6831653869497731
0.8415607651192895
0.5093329931893303
0.20421826654525135
0.24348510455844305
0.5182469710176111
0.5936601095340532
0.4863921980949558
3.0827463156545036
1.8860947085617288
0.8416046218304843
