63
2.6284407705133064
1.2240377463104533
0.4138079438439578
-0.28664022755385965
4.281351347592234
0.6871928392584369
1.7259791813898049
3.1755584652619087
-0.21689807430753547
2.3076354438714892
1.4280190317135373
3.0036022695802553
5.283703277057508
-0.2629509849460246
1.7880005788193984
1.460435582538033
1.0610196343873883
0.29291171633066465
3.566858784352944
0.5972127973644007
3.1716733464715876
0.7776077678630008
0.19676770248777337
0.19676770248777337
0.5209906949431791
3.771721217926517
5.67802098093313
1.3690545782150283
5.834470354150887
1.5851996235650527
4.456740936561381
0.3887146019753468
0.3076070203184878
1.8184736551434377
0.37978897347256496
1.0232310017566915
0.30762648882826893
0.3667021569260697
0.21470144549801404
0.6348418495626847
0.7421626108998014
0.28472759049596535
2.300468073932099
0.4324981727710657
0.4324981727710657
0.4324981727710657
0.8030890883394941
0.4154505464001708
0.5553525771877443
0.47899936817112426
0.24983440984712163
0.6127626600035185
2.0878992312924924
3.7313930172005763
0.42721369593546427
0.25168942900159086
0.2424389536253361
0.18231659970333466
0.361536370904423
0.5641571479314528
1.2947443266052197
0.3076404266554459
0.14771137775998489
