207
1.0962271132691697
-1.1308262111685314
1.6021700037859374
9.91864571913267
-1.7994662241138681
1.9771239701644883
1.1273602506856069
1.433426300244515
1.433426300244515
1.433426300244515
1.433426300244515
7.016125834178995
3.067051178738948
3.5098085732042215
6.969588199751808
0.28821511208463996
0.28821511208463996
0.28821511208463996
0.28821511208463996
9.01202478068151
2.69062708518716
0.6908949938557745
2.0520536763554724
8.725067492360049
5.054509925688824
2.2744279521586854
2.2744279521586854
2.5781171343495637
3.698822890839136
-1.9267259782405874
2.8618233495145224
1.2308984602425752
0.6758514208422362
-2.048946300285158
2.106055683494641
0.29603739591591455
0.06708884032288392
3.23925268859509
3.773632590060867
3.773632590060867
4.436491257144001
0.3366960461930037
1.5659870627639818
1.6156504359488277
1.0132479867738124
1.1934713255609983
0.23433245059874339
0.1174716134999481
0.8790225299838412
1.2888072765926066
0.44142368437016344
2.095080793839097
1.8955853277583516
0.9927575410558864
0.1661370068136827
0.10389692692215319
1.4356166806202562
1.1956905283817167
0.23460777487568776
0.43022576620541203
1.0944929115577113
1.1908069787293063
0.23375291375845772
0.32113891813271805
1.250492305791543
1.3972382823257268
0.5266155776395416
0.9688429185636895
0.544038686374147
1.0202236572497352
1.1945304164356285
0.2344880183491407
0.321478318894715
1.1947030727513905
0.2344459461160318
2.515069076419449
0.3267234457935113
1.196608456619905
0.2347030395993433
0.13986602872091086
0.08420263939846002
1.1955113383274107
0.23457815656410783
1.2450556637712524
1.613989191347917
2.249111818145882
0.22208627758030514
0.0519028173128137
1.1066756167051923
-1.0638858052036555
-1.0638858052036555
0.415842700046836
1.1946771974256523
0.2344322226450311
0.03780863490093062
1.195485396779481
0.23457398776095448
0.1162744789624539
1.1956856302040013
0.2346073055435257
0.06406913329398124
0.17571124529286988
1.1954586014262425
0.23456668363616226
0.10389692692215319
1.1956905283817167
0.23460777487568776
0.1162744789624539
1.1956856302040013
0.2346073055435257
0.11629815931239104
0.9930086320525937
0.16294818525278373
0.038214551407941805
0.11769334884250135
1.1955074426115795
0.23457481362215196
1.1955144297142752
0.23457899137299415
0.10389692692215319
1.1956905283817167
0.23460777487568776
-2.161040348680187
1.266172678668679
1.1932708389014748
0.2342984521908159
1.1955250040322707
0.23458108106469855
0.09419549007007748
1.195524215581056
0.23458088213671852
2.2837353434375367
2.795598496675848
2.978910051824504
2.863162807407177
0.9917472744928142
0.16090970930435608
0.03771480726450457
0.09832674300742837
1.1955140048982045
0.2345789039674292
0.34112575697374914
1.194313859507998
0.23436621796415247
1.1955140048982045
0.2345789039674292
1.4230544642869416
0.9933152462002697
0.162928611657047
0.038216426092168694
3.5685733897270473
1.196478658445256
0.23473700007731357
0.2777095337208335
1.1948624090728852
0.23446624472290156
1.2470864984156231
1.6265506895006232
0.990047628203893
0.16139583080836342
0.0378641387136135
0.1162744789624539
1.1956856302040013
0.2346073055435257
0.9930925013504044
0.16298862470484032
0.038224060204359804
1.5688392907918662
2.6112696226170407
2.846734457119016
2.7665196553505584
1.1930892675725149
0.2340645215710299
0.11769334884250135
1.1955074426115795
0.23457481362215196
1.1955140332239513
0.2345789080588576
1.1955140048982045
0.2345789039674292
1.196003841981522
0.23466148046842178
0.05172420127220378
1.1955919272526403
0.23459075526353804
0.321478318894715
1.1947030727513905
0.2344459461160318
0.9873983325609809
0.13313614285619063
0.136065270410404
0.032116428105493984
0.347673294331518
1.1942927090516224
0.23436232090589962
0.10389692692215319
1.1956905283817167
0.23460777487568776
0.05991791072668409
1.1954635006595618
0.2345675996576188
1.195515617727091
0.234579183056892
0.8875495658376213
1.1962281658562948
0.23469343605156895
1.2531996760812427
