30
1.6813206199987487
0.4854458194865878
0.8406581394067297
1.0498531573525698
2.6745020073710286
1.2748030197190043
1.2797409308977785
2.703251794182704
-0.09492550021354826
2.2528485068297655
0.2508751924597209
3.9600116368790994
0.13180425700238116
1.6839126944593379
0.9588442230677857
1.5455759983642954
0.6471861058173162
0.6916537110186143
0.6916537110186143
0.6916537110186143
2.0036112553398326
1.3536179506163102
1.072939471938302
1.3119575443212186
0.840662480592019
1.2747196416873436
1.2768492549518928
2.2974290309789054
1.1622686208730946
1.767164588190216
