157
4.585053940167497
1.171750592326273
-0.4851473464294259
6.143918816898186
0.5246792702703044
0.11037097258241013
5.797557043851236
0.5002949652386534
1.355475783589148
0.4399205554080109
3.399265365993017
1.019012224710516
3.9894283903777508
0.004674860433998991
2.917807114415548
-0.10353708449698548
-0.10353708449698548
-0.10353708449698548
0.49666158168664537
6.193432186495871
0.7812138658102532
0.05173948905332888
-1.1478159470009213
0.5073791019245778
1.8683171647466428
3.0086789524089577
-0.677390014905912
1.5038791661951014
2.710507521602525
3.2006815957605244
0.4125774804856477
0.43559471541201633
-1.2335476071214462
0.2105115531877006
1.4255325405818284
2.614121886976702
2.6480094057685273
3.0741992492724526
0.35381440270378656
0.450659742337935
1.066068525907797
2.1349764451803743
1.7205497392559599
4.142512302478324
0.6001986661836252
0.6001986661836252
2.3266353168588556
0.7581223513264124
0.2689670072823737
-0.03654145812011721
0.20595356585684663
0.9936525571298042
2.43826237942782
2.6640325240720717
0.5648558952570298
0.1131129654505206
0.21477028645832025
2.8340274360993285
1.7107215369370175
0.31747817376781373
0.24201630037229932
0.17594252870554125
0.27207014314624517
0.2627171073804788
0.22954506125757812
0.18655430606700285
0.2561746950986043
0.15225210944241038
0.1987074873493981
0.21737377363008376
0.1922773971665091
0.12307211841158357
0.18712090229688122
0.06669637358209977
-0.24130423012862823
0.07153424908485079
0.7368745318658618
1.7037550829537567
3.1733758787736113
0.3004620821744031
0.32517849483842753
0.43131343452196563
0.4881936853754385
0.2541527010941848
1.5356860768518628
1.8492302132424454
0.23119669196330186
0.7234033803021773
1.7228709368030184
1.6822909419119432
0.6228075531166322
0.7328158082210797
-0.021716250322568336
0.6034827417699545
1.5638675484926128
3.2679203290247476
0.7220824902104239
0.560720149420822
0.13966000788814248
0.8254489275585334
0.7246458910072431
1.573399752187315
2.2870496036619867
3.0486113806962476
1.0705887549932795
1.3287153882102036
3.972441256929481
1.372593409372948
0.5586118781461914
0.39537599448167504
0.4459425505038359
0.1653009108459374
1.0752038784525737
1.233528988754098
0.9799154431105352
3.1078851636022127
0.23650296990658295
0.27635340913876216
0.44105850050773654
0.40643314325828417
1.1023140023038345
3.973012758087255
1.4839141002384069
0.797666908264193
0.08733470624961683
1.6533260639881204
0.24114217118997222
0.24114217118997222
0.24114217118997222
-0.16393314527598907
0.7647905278118455
5.311399697504201
1.7103384245127695
0.5878186526284082
0.3057274146141178
0.16918503170926152
0.1907593380239365
-0.11185606141844771
1.6377284788785895
1.5514885969107741
0.8620563641733888
3.9084634052334732
-0.011187558465452729
3.0097699236581397
1.1060019043892684
1.1060019043892684
1.1060019043892684
1.0690469916842817
2.3033906539420856
3.7774347016703818
0.2125037507945703
0.3264111149024841
0.3598494862954782
1.595638022085472
1.64574155399436
0.35770913848453073
0.28344166201751214
