50
0.6305474103509602
0.6798901255708972
0.6305474103509602
1.101500935768257
3.9686802231399265
0.18525155905606855
0.9458945409821705
0.2029575829810085
0.018228833909987877
0.14248578356812344
0.13732739136494548
0.17136437456577322
0.11882664857802243
0.0920515173266051
0.08733968917465264
0.08865579076411252
0.09972335975484396
0.29644138979595397
0.11724145108410705
0.14707042863778433
0.19151911463697333
0.23933760843627663
0.23933760843627663
0.23933760843627663
-0.23392395877113256
0.14215243809613695
0.3517129947355444
0.33740737460627346
0.1320944394052151
0.10604304546078068
0.10505629794277858
0.15062546102456373
0.6345852199796025
1.297892849422571
0.7033387665717162
2.529414126431722
2.529414126431722
1.9632945483327213
1.2821009629082938
0.9495670975136556
3.898104317851624
0.5973439566465256
0.5973439566465256
0.48892597227899015
1.1998111877321591
0.7415451860513247
-0.4914326175012589
0.8262902025330415
0.7427198665983128
0.8613338849626934
