237
3.9576945824691037
0.7331925812828248
0.0192295817173215
-1.1943684250505626
7.268251955922749
3.997843465293177
3.053054987754698
6.224382234118795
2.5230499722360777
2.127022304146656
2.60746114163606
8.114568976965394
0.08039841747703087
3.4059219943303987
0.6721859574409547
0.3891635391036974
-0.2217300401597742
6.069943134999865
0.15953961467050976
3.8618058289268236
0.08668020797696087
0.9070540616564297
2.0493644132853532
0.08402842747790776
0.05187871401238605
0.01931379242113161
1.1212025525056324
0.019169877673672512
1.2246796283554913
1.2246796283554913
1.6685838817933378
1.8325073400321037
0.49302594445653775
-0.2113428501171501
1.0261376673889882
2.2568118166810134
0.6566578926788371
2.9224289458004757
1.2302723173147028
0.7539956079178306
6.496510470747197
0.9922937968023748
4.261258385823049
2.779826575511234
1.312276752495956
1.217624620438302
0.18423579392315273
0.26220467875844927
1.572639602160354
0.11130173533011903
0.04615409455877436
5.580053684888475
3.485866057337466
0.1307592623978097
0.12282339079793694
0.1954716222758987
0.6922322932537098
0.2742251748801283
0.2742251748801283
0.2742251748801283
-0.23771189448742924
1.0967001416472264
-1.0485235961689863
2.0879458866420415
0.045499240729310185
6.149597908752801
0.6074030761224537
0.02077729994762495
1.1797749781984017
0.03693628756227731
0.6476372168737465
0.6476372168737465
0.6476372168737465
0.04335685987968068
0.030041873458523594
2.7787067571473942
3.5956485483484113
1.6236893711146894
0.4273475446110935
0.014734719560383736
0.015835701524857
0.10680838546867764
0.056932428083873304
0.08029822486160089
1.8032643432593396
2.368819537519426
0.23573122732023002
0.21699693905693615
-0.06087598834230391
0.1935395551752413
1.2149888902502004
0.12921308187978692
0.036575387586721644
0.0334954369035435
0.10084842877598857
1.7601558610408263
2.2363832918421362
0.28931530258384597
1.7263056367082588
0.7408276875538399
0.4271271027762914
0.020185899270265154
0.06158713176444373
0.8460838740731191
0.5641582105541098
1.828576321959307
0.5554772265969449
0.1869100313903318
0.12616586380834305
0.9695353836765982
1.2754735847176966
2.7172995081915747
1.7425648648550442
0.5984251057638884
0.3804049985633169
0.17086379949639413
0.08677707699185044
2.3260891608581558
0.5703905531178702
0.12996713745385985
2.9134817305372196
0.6300394582031306
0.6234367496957344
0.18400315014901675
0.09319789198280715
0.5081910656013117
0.44131214879775416
0.41662004521705376
1.488494173754321
-0.20373296343588923
0.14869485170509872
0.08638045509286899
0.32216142342984927
1.6372228851465034
3.2058657321412167
0.05998857564498025
1.6603824018083144
0.17429002783912687
0.022371742476875497
0.13288249748930303
0.7031377718642796
0.7956553035803111
2.515784301036471
0.5194379798999549
0.47456551882348036
0.04426216389170896
0.18096791846758545
2.8777980846220004
0.2583508581494777
0.01931379242113161
0.09956215209498073
0.08065061778014446
0.054288114438697854
0.3015139722288658
0.022997537333596225
0.0329046928592514
0.15036194609547804
0.5882009626872573
1.3854493536523995
0.13460112259270007
0.6882855436033289
0.04048420812758598
0.019296908636573167
1.7851113670461463
0.2502649723721573
-0.07339408257596083
0.01682000723008453
0.5679162274022949
0.0671259674708399
0.016890310042854885
0.09540282163315261
2.0838209730091277
0.8903137584086688
1.3926937773730421
0.29592879866980965
2.2627462931219844
0.2681729947266899
0.16468926465543599
0.019199021794620824
0.301992715117376
0.05557902738698637
0.043118503889999736
2.3236151844113357
0.024500765107863302
0.11393039022556999
0.3133908650566765
0.03780894360751986
0.03461848140430699
0.19356882753333593
0.32083412857515714
0.24067771632333954
0.04860621704165232
0.07342967861536269
0.025640341226816073
0.0238355165510564
0.01660266196277755
0.06616935692214407
0.015406000730260503
0.04503340878258364
0.5057514058607722
0.30645380276860695
0.03038459227078072
0.017514577167662092
0.03217819181038673
0.5714708007538926
0.0626357525032185
0.10250807254267381
0.11293689538119364
1.2329147306968538
0.15145843600465214
0.07953317850564309
0.04113191100011169
0.17539875884013872
-0.45756910175187
0.018514917615420273
0.5677692846690694
0.7159699045039392
0.37420794546932873
0.5260375231534657
2.698346845678191
0.5777353661742292
5.926394417072458
0.04654564416696869
0.06413343160383794
0.1779839847353543
0.5881329087151937
0.28193830800105496
0.020466117347267946
0.06953505704091426
0.019576535124177192
0.379362462077508
0.14323319159035808
0.050829986020768804
0.03949785740895051
0.02989602500970415
0.02989602500970415
0.7615756521604189
