155
2.9578921735713206
0.0973720334172795
1.8342448194694334
5.514406348289747
-0.3670785103652497
0.04158619145003083
1.4872060356473236
0.18362391012921567
0.03881504586299584
0.15802559882082806
0.12769372487489794
0.5894679659097278
0.19423609185669635
0.09688001968780248
0.2721128671653122
0.3518294623587142
0.11603001989022574
0.11603001989022574
0.38699874144712476
0.2939360352926092
1.2214533417340274
3.885667234146196
3.5519463234316766
1.3166005026965948
2.7770108403747713
1.0751735060654197
1.5124227617092618
0.5582056797161504
3.9747992625229704
0.8635415444469988
0.8635415444469988
0.725007129090458
0.8954919618907234
6.662507870771766
0.047730033436018754
0.2635744398571987
0.1924752361271206
-1.363247154376625
0.1294272745339111
0.3174802427554787
-0.7439731640163678
0.08672860048720793
3.2576747930116525
0.42736623659180045
-0.5323038710856912
0.13115542363827168
1.486605708196019
0.19819632346033583
0.4207125776208193
0.4466622416190758
0.1550654354169059
0.31197465243119793
0.13239145777057051
0.39937474128698186
0.13130781171322434
1.4785543886327044
0.13792434936338419
0.38963376885626577
0.1460812091399948
0.13624408897162774
0.36556225069456366
0.07975436919372887
0.07958761779114835
0.3535287148735204
0.09923359960647651
3.9555441180414785
0.9224991611640815
1.3859729853742224
0.02074484304955245
4.341618090052213
1.2652938704040264
0.4379884766383954
0.2520513915809084
0.4532800625441211
0.36422086816444943
0.3319119955020514
0.11728701398181951
1.3875327265527186
1.266038817835364
0.21123839554425872
0.3447230926859746
0.14644751626293723
0.11122801014110166
0.6401261752243818
0.1589503396559137
0.16763217185592083
0.17890015347114724
0.20520365091289708
0.21477613698470363
0.23538147146045896
0.24783344148398131
0.24997315853676652
0.09750036746872762
0.2766383526089756
0.34855451308045343
0.21694724260400552
0.04764157659285989
0.051071291482906574
0.11397170363043053
0.06939947332888564
1.5000982746160179
3.3302713116822624
2.3549054263208617
2.489465048725004
1.9030184384406181
0.43506991421717406
0.7283987837981035
0.6746318112886204
0.06514235368038647
0.11578957470829525
0.04982373973686502
0.055809081455474474
0.07856354032835754
1.531655650897617
0.24636565895566823
0.5239242444747921
0.5491062659150904
1.0716203875991042
-0.8866209928478198
1.7161838597952228
1.7393444801097457
1.1625942062030503
0.29923397105718336
0.5724803008465904
0.547464725452771
0.5278641019890885
0.49519150080712454
0.03684371782661222
0.03252894340504183
1.5149546842623216
0.34471256780106113
0.5726558378729991
1.9235532254725591
2.2904282625598285
1.3402526663137286
0.3080220648056679
2.228732661583781
0.721984130620363
0.7687015857535021
0.27096872155689494
0.27096872155689494
0.27096872155689494
1.5774059692828502
-0.13853441535653307
-0.13853441535653307
-0.13853441535653307
0.7226708510717653
0.7432999123650181
0.11267978799969418
1.6685275854638224
1.7419583187492431
1.1501102874551143
0.8336403614643948
0.9338190908573312
0.6943965331633758
