50
3.965233925009658
-0.9469838435554938
1.491513025178963
5.517710978084366
0.013617626299420009
0.013617626299420009
0.013617626299420009
-0.13519699766464544
3.1418524310192
0.6799652712695741
2.4088913041031588
1.4531077939099653
1.4531077939099653
2.045695726216672
1.4054530755390353
1.4054530755390353
1.4054530755390353
0.7193679040843806
3.738150873826552
2.0323108896556445
1.9210844908163907
3.5965410653506784
1.9733600192969207
1.5043197052712494
1.8485899886891677
0.3696326007429321
0.2236097185477399
0.17086457579463016
0.4025573979238495
0.5962083121560148
0.9088627985502283
0.3177678989802496
0.18066810128487784
0.18066810128487784
0.5719634895384718
0.35431232403319846
0.3709546463948435
0.8244427642482706
0.9141285978873982
-0.798569397015535
-0.798569397015535
0.6350058677823315
0.31265448639421256
0.2642524871525335
0.5110859946918038
0.8683421357517975
0.8683421357517975
-0.3548653405097574
0.6960212560743742
0.22845457426842988
