293
4.785188239073124
0.5735790834328698
0.016514505080646693
-0.31559095548556343
6.359524100907968
4.21939594777665
0.26491633685594806
3.534562410445354
6.964229584290667
1.2180103405710767
2.5516977720624903
1.114512235723441
0.5437826707991875
-0.17711654896567108
6.030718861974551
0.21759331046631727
3.583373644318908
2.341127292600841
0.03302394304725137
1.7522306275153183
6.56937463462177
0.12866486446131212
0.08525290520090284
0.5849369156452573
0.2723611764111837
0.7327753605455233
-0.14593277575830685
2.493886372023788
1.375974676160051
0.0974670552774044
0.021401258245554253
0.8914414075401796
0.40729035405335906
1.0391057462330824
1.1158507901680854
5.461236359883123
4.378906239008599
1.9984725597375503
0.22025930383411998
2.3325374796315956
0.17539622027514817
0.03688795911304523
-0.07750361549984959
0.13846577362227017
0.8597933513531435
0.8597933513531435
0.8597933513531435
0.44149193450948265
0.2623160478725704
0.8209591330847005
0.30223030938523354
0.5130062953307031
0.626361490836789
0.626361490836789
0.626361490836789
1.4750878841543347
1.269393849370987
2.7880542177859016
1.164608100455835
1.9284936373543775
0.01791356672155526
1.2023609792191423
0.38313589099305667
2.065523811448263
6.572471443934873
0.2473825205030397
0.23171554535804403
0.07940417702019596
0.1989043673159621
0.23758095789557288
0.6483820165356938
0.848726393317523
0.848726393317523
0.06243927536915401
0.024247287377966817
0.5119032712059923
-0.05412429387444289
0.2704964049227877
6.025832117085483
0.8277723640321336
0.5731734321010513
0.4498625189905271
0.6797215245505228
0.5665426899907755
0.4318390311981957
1.9058552910499134
0.367453617503441
-0.04544162219552208
-0.768084100252651
2.0717047697392355
-0.4351761317946198
7.177337062177038
0.13561042983047006
0.5925088164761244
0.024487627426217625
0.038813860962374484
0.18210409067123523
0.6998099633064095
0.09477540068389738
0.7059307765125841
0.1034252917767216
0.05300271985571415
0.0345280498710333
0.18398957985613582
0.2844404888083406
0.8810772019844966
0.16808284972702867
0.16808284972702867
0.02657126946958436
1.0075171049586835
0.06886744188641838
0.08626384818120757
0.23508793629619631
1.903678654914225
1.167474490592506
-0.5141489807995498
0.029434617960810764
0.13100424446760323
0.1932053059838246
1.9133832973784295
0.0774631494524747
0.920976679988649
0.031029907474735715
0.031317826058474225
0.03397831685386278
0.2848425616905141
0.8464189656248344
1.8558409777665668
3.6326695570550758
2.5144927916457904
0.1210457943070007
0.11676794587756592
3.2163641011862363
1.928927441213461
0.08583961975785785
0.19045845153154192
0.24463415216166148
0.7028523618448773
3.2307462878180284
0.3542600957001538
0.07088418309306814
0.0857516343592791
0.36854614251399836
0.8537480805032425
1.6942386654159107
3.2341203515338885
1.5643304956132458
0.15376434887657187
0.026469653685635905
0.33166803197657896
0.03968745444303175
0.04555208397051141
0.022236826811303408
0.6480269278858767
0.3547647188858901
0.19468452374622378
0.02644163473959808
0.026562316672247777
0.060642180068578425
0.551685146140375
0.06344636620287787
-0.054100254624293596
-0.054100254624293596
0.3797936162478023
0.33737498126380977
0.7053664463408387
0.10244840228556168
0.052474794177221395
0.32577993227519597
1.6814123352544152
2.4774616674284675
1.2998609052712415
0.6300191523724229
0.11526536511940975
0.04911783957206341
0.19034049023064603
0.244469225558952
0.27295458346529855
0.09310074319661082
0.14463530417791434
1.8196400712605647
1.2590370554795545
0.10314465561981936
0.1600324535278396
0.03175191724757456
0.914224281689638
0.7877376695495161
0.7322017616893545
0.23500025683071904
0.2784968619716421
0.2729846912984596
0.05372976335387324
0.10732385009033209
0.3513720242131769
0.299477152450357
0.10189784387874465
0.026557702394375993
1.4550249387210548
0.03802840883542748
0.2539702744582582
2.595615708013382
1.2227423291815458
0.08939840153154506
0.10100391873997384
0.14469873907838188
0.0772691015309796
0.0194069277096867
0.3487089186395816
0.0319893925781463
1.0429789658959177
0.13024300048230092
0.05950906671644068
0.017354868267147515
0.05786545694594507
0.1221130862120509
0.1627436822880942
0.6522080531896962
0.028519234214884233
0.11062642802600992
0.03817588367388605
0.22552730613035502
0.03488387096672254
0.09423406904875596
0.03632358940582407
0.017606772003105425
0.17376260985067685
0.15596936653648413
0.11750723639205443
0.03870834062809795
0.17538401759079048
0.24474748911031446
0.08765300058941722
0.02801635346751735
0.10933684756746924
0.18896922489026122
1.9073572727008627
3.3157461421037113
1.4640403177151644
0.6518171359171799
0.3458095316565775
0.10649454073532488
0.028519234214884233
0.11062642802600992
0.054899086163840476
0.029403203208051933
0.24600779380620133
0.1244530610804159
0.05637081545483881
0.39373574305379905
2.880780651680571
0.07905610899075202
0.28527069832708624
0.035572934048506144
0.04328490573046622
0.2596296901182575
0.09201812237046916
0.04701999481462027
0.5505864495044873
0.11921221450503472
0.03933216678534435
0.029561008622614317
0.13116848246439344
0.19362477809449993
0.2334112381931654
0.1718233060458626
0.11503868616602994
0.01869772166991187
0.22783234420542128
0.027794278542820704
0.0253394078236889
0.10379582749334437
0.022593761627806803
0.11949535344741663
0.11877907734567285
0.08200473626128602
0.03332426816634464
0.020093331870671794
0.11430974688919554
0.1537478924070685
1.067838858689291
0.03340513889139088
0.01880378176123553
0.2885024433026797
0.38095287438792647
1.9586373043934089
2.6374316309327006
0.024906304454257528
0.015932971374538113
0.027681056582067976
0.2199245003915075
0.20285696705080464
0.7600834270039503
0.045674061285748614
