26
1.702992860285089
-0.21848466294292146
1.702992860285089
1.076831587319133
2.5442802698116638
1.8449453405666765
0.5496290903046177
2.550128152253208
0.7427417536690352
3.841580017784722
0.012389689732690643
1.6001509846264907
0.5227285173017667
1.4817208244039755
0.18255803265368253
3.753435349323994
0.10060110814602657
0.8440155725352798
0.39883552651896914
0.35200932598235607
0.34348319755277695
0.31033652150307417
0.44077159279413847
0.38764343397483786
0.9494497673390079
0.9494497673390079
