152
3.768788697098345
3.0310963448447192
2.3001058206331955
0.8984796648164385
4.540325543266493
2.7960109125747192
3.3999878642922505
1.2998583642929078
-0.9896665148089193
0.4662786439497106
4.996081807463432
0.5932419049436842
0.9301968651895397
0.4422475013236572
0.6146735671430863
5.830131535591661
0.05181253110002256
0.41835538277218265
-0.7092034744198114
0.024105308379811355
2.199624595472933
0.4677970088453176
2.580252123098871
0.6082732165176431
0.45279870512544607
2.8832211367489164
0.62235059699012
0.08990818021212153
0.08990818021212153
0.02777966859025578
0.163648425644712
0.4067139289501579
-1.9239432533847245
1.6199361408696058
2.2519255633382316
4.32564228956997
2.8777263980943855
0.702328091321645
0.21892130545021415
0.04356646175999282
0.04356646175999282
-0.1435908179698755
1.0845128391779386
0.1878528473859492
-0.45614320507312806
4.993964691413397
0.22803306066223428
0.545451489655567
0.7698392926303352
0.43974368843395784
0.39483008339331077
0.43980295680689246
2.4443373742894963
0.9931850132485727
0.47323683627199403
0.02326409389300389
0.11870571362985419
0.1962729750263398
0.7976170042066236
3.996847506290784
0.8790747207892561
1.6310761738343456
0.14228970849420342
4.244699291765243
0.024577474715216353
0.03128987114470879
0.014052022332723992
0.014052022332723992
0.014052022332723992
0.18698894232000993
0.22712246604365632
0.7833584419120099
3.130463684275177
1.8596188074127316
0.17987643666477343
0.18763467176545792
0.2278214597424001
0.9658530571669819
1.880459438771639
4.402933247737372
0.1959822221102147
0.08098144730279576
0.020886989141114705
0.03981819100523068
0.034167918953702324
0.18780802883209693
0.33883605032794095
0.33883605032794095
0.1730433916029339
0.1730433916029339
0.1730433916029339
0.4642171243014574
1.3427309769087685
0.45930897437237883
2.774453044562947
0.2696532600504927
0.3762509102423023
2.1999248170499586
0.4491474092668105
3.0468805170849054
0.32121101157486087
0.18952051857561408
4.000456742180729
2.7936899425815884
0.11718433680157057
0.05737247665946723
0.1477029325253066
0.3835034484031403
1.1640405139377776
0.9557700317607607
0.5261894674390514
0.4528631355043434
2.8763985242563606
0.6091497830285256
0.15276478609996916
-0.8579831668189161
4.066687009272529
3.071054770339453
0.9394626823575011
0.39083640792438346
0.13583895688754616
0.3066171059276022
0.8580958927184497
0.23137673618047658
1.5576865585127413
4.327541308052927
2.8819565339380797
0.7318781422118433
0.2744274869774953
0.12188256300753954
0.05384559600760398
0.3988266572594415
0.1906526083591299
0.21214204529137395
0.3396258462464725
0.24567241181277202
0.3617315090485159
4.094366705634933
0.4451839674217655
0.31646447430260205
0.29981699214482355
0.3491885315846834
0.4524159364963508
2.902078573796775
0.7029727043834816
0.21885537234196759
0.3825605221879359
0.059796996518048304
0.059796996518048304
0.3288646560720958
0.8050158858134735
0.417283593133683
