208
0.8525958638129649
6.296382260507404
-0.3543150028837703
3.5429070091994697
0.7387680328243476
1.199623420555817
0.5155241640812428
4.928417830351823
0.3322588743185719
3.674727826181578
0.07255908694335209
4.178941965005133
0.9096736346688089
-0.6087087457103164
6.109348284752995
1.852082568337339
0.9803636434177679
1.7860870810807512
6.036913599131989
4.935184855744712
0.4687545735157074
0.4687545735157074
1.2017998093901843
2.687022991611891
0.8170455008185157
0.06638097076684238
1.800364037782789
-0.05597380141298058
-0.08455071086686802
2.687308777166429
1.9712063590079159
1.9494886354429524
0.8224170415284294
0.5004904759466282
0.27016555670546005
0.07488286473360263
0.7592998451387108
0.3210518487263701
0.7002459606450518
0.307157762663114
0.14536430261473282
0.3826976482957692
4.28065059145004
0.33271266554189727
0.10180976471856515
0.024215932562816907
0.05586903604593029
0.7877384639669267
1.4909949724489773
0.7382614497333976
0.0975483635191149
0.7330452358744737
0.7330452358744737
0.7330452358744737
0.0954200375750494
0.2202630348315485
0.21244609116540392
0.2685136739548178
-0.18935770313552694
0.46315983039026287
-0.2204909814263134
1.4189890977085067
0.08459019979182546
0.42209587591433734
0.21815228091642144
0.811727262652095
0.2784532564990544
0.19221378409134585
0.5433310039521765
1.453840530343026
-0.12631855050658197
0.48465372576496535
3.6837356481629966
4.255082888992207
-0.6191765103762118
2.083650874154693
0.03680042101090269
1.13408601642327
-0.5209806095726934
2.951879288768772
1.502587263103177
0.34708911985656815
0.5523940259044382
0.5044353974409754
0.5044353974409754
0.5044353974409754
0.45861750039119703
0.6646832839566926
0.258620851897439
-0.09447764750843761
0.37709304478540406
0.699056330641906
0.7696923592365821
0.08456485950623227
0.048498791351911354
0.13669813534433048
0.26139411011391905
0.2895155240915664
0.4913379483069498
0.05794328967588541
0.1500088664125464
0.8158400537463512
0.19123129439815736
0.16968892371334868
0.4606105668909472
0.5330970995607223
3.4887392241951773
1.9648364766626611
-0.6391241253225641
4.178912977352316
1.0666760948893061
3.907356370575366
1.7478986970271373
2.3604667824931878
2.675426573560237
0.15117114536549808
4.950433733046845
3.129541659459894
5.515695378755274
1.314298815276335
0.2158129773800701
0.420040640088367
1.3204486598552838
0.09091538350512401
0.16772868195482687
0.4157958568448093
0.4699569151141403
1.4859392765636725
0.10042100116847338
0.04045097171075681
0.2858065385647311
0.3208294016909534
0.25642789282832446
0.06928317398028554
0.22702382880341912
0.22806298841009043
0.21782269381480632
0.12627381887606773
0.06434676846728304
1.0258533484147376
0.2826802419185541
0.4179727604272805
0.4179727604272805
0.3244901715123069
1.076410894796274
0.31836101142232415
-1.2729564367893627
0.43790585835991347
0.25088394727837404
0.5494791979654339
0.04457689983893889
0.7683367788807615
0.5285114600794393
0.04151684201172002
0.0327476342809195
0.11890195557490046
0.7667885271643665
0.19366384956626492
0.15493279234477497
0.05630897023761717
0.056004665454147916
0.046974300342954876
0.10580591289628358
2.1086641129884316
0.09644841207442026
0.081117902939302
0.21881393424511136
0.039939846390774206
0.5559310927745923
0.04295265857819579
0.7378878459234752
0.13811639052696612
0.05137871363297454
0.19563066155063505
0.8069420122034737
0.17090539138943675
0.11391436990480884
0.5549568979281327
0.8100652793253887
0.17363550480896392
0.05626213506499313
0.2604277399020685
0.5418337831893798
0.09331182870650273
0.0735952291249782
0.2435144781686825
3.413953635989913
7.03252415281855
0.6603280829287301
0.37288749665189774
0.35105771208208875
-0.044438939082286195
0.1484273046536955
0.4850372887690715
-0.045817897049791466
-0.045817897049791466
0.8123193999774592
0.303338377117499
0.43456887392641014
0.5394500907183384
0.736850974057739
3.445653236251893
1.1667730636740066
0.16496306778437905
0.043265602589814815
0.19197352126465225
3.4632792503089482
2.3506373548868083
