37
1.3599425626158548
0.3300318608272415
1.3599425626158548
0.6684756958676812
2.935714244598442
1.5344659872206958
1.9321130671040454
2.868753417556747
3.2633576763882357
-0.40937627772572227
2.6570317507318415
0.7255080280537474
1.2751122748814547
0.17481180970174431
3.526628250281377
0.9617086518351131
0.9239312255314508
0.9900220288144826
1.3951533300036993
0.6738581780921135
2.8296439029883675
0.9801934509677303
3.7328506630143576
-0.7978655438233246
2.3529114649008904
1.6853027853663212
0.3639543159796847
3.3371422647269564
0.3859377539255271
0.6886061394444561
0.6886061394444561
0.6886061394444561
0.6886061394444561
1.009910872241132
1.1460350189714665
1.3397501672296137
1.3397501672296137
