47
2.8681230745431017
1.4710255437863669
0.5767755341869446
0.5516976166631272
3.0322955239402964
2.010377090015132
2.010377090015132
3.9892268824815975
1.880423010163488
0.48246217980735717
1.5858576488748821
3.951381416693064
0.2824290159332056
0.28854857377672377
0.8722868247368025
2.017948764778265
0.778974109323673
0.589676207485432
0.4613228470685028
4.5428235069837
0.22261963973643067
0.555120888621526
0.555120888621526
1.9288115944341115
0.8059054771348738
0.49581603513765365
0.3102265419455516
0.30645276370125385
0.6768706129828534
0.8283190153468696
0.4988167140311837
0.3113362507608711
0.3480056553980179
1.502980714753081
-0.08650867676232357
0.7880422948193286
0.5083300180913537
0.3945701335056718
0.6767950644898518
0.8282393867147825
0.5008546827141674
0.30972616306266226
0.3342016423347808
0.3342016423347808
0.3342016423347808
0.3342016423347808
0.4909399525029347
