50
1.1298190097012746
-0.18354498427912752
1.1298190097012746
-0.18197247856984608
4.386152062631373
0.4381864721806484
0.28947134333487945
0.4283441675348369
0.25293034763085
0.24989453690754906
0.21212773922647513
0.21212773922647513
0.2561916893907395
0.2733262161604088
0.27842587321668805
0.2797631884254101
0.2802618352363984
0.2806363578441346
0.28133597064533356
0.28319307281132994
0.28887535560197214
0.30936743496329894
0.3541197492987118
0.5053937418011843
1.1001542738268062
0.21464392259910983
1.6797130490127643
-0.1743464380431137
3.391028519646355
0.12492501676054965
2.987884555699555
-0.10605873524826949
2.1723434130594037
0.1095337868703279
2.864156228242527
-0.047923503555394764
2.562327948106671
0.32233370048311977
1.6830800930344745
0.511873661126592
0.6495274746133756
0.6495274746133756
0.6495274746133756
0.8665538511817243
2.822811664132519
0.8212512541274029
1.4503724659908488
-0.3748200255434083
1.4788942774306415
1.4788942774306415
