69
2.993249998907443
-1.0685135392280118
0.5924630930795883
0.5176790237897552
4.706442390933385
1.4133142233881397
2.595697654563249
3.349487478442977
1.2816599022537505
2.6659833181416412
0.5993754205049417
1.631956921923534
0.11955531473512693
2.695373147921209
-0.4372264963938228
4.781133113274704
0.7945534737523513
0.48655306458958975
0.18236603375585106
1.1294806095902334
0.324911409499927
0.5259340498001708
0.7059669717026507
2.13461400546692
1.1202000464720632
1.2034048268972661
1.2848989627293423
2.594264889105316
2.707643916782441
0.8708736560418326
0.7352307913305566
0.8939055008658168
0.4712633604748654
1.5481081904566343
2.1076745957852068
1.4559336267593015
2.8096764935772254
1.1870793002988558
0.5834282009355786
2.919504162683838
0.2676170384119203
0.6686813946968652
0.053003815510119144
0.006728318186582398
0.6966248473225658
2.3893963034531365
0.8754582493141275
0.8754582493141275
0.8754582493141275
0.24873964701835904
0.29524076114122344
-0.014552297600023521
1.240219758807538
2.122299849663858
4.739926858887284
0.43055105915874764
5.112699748809092
2.498112829845061
0.6135073693828055
0.1461623247221754
0.23740005017976024
0.5013128671153894
1.3554453663143622
5.0466516439727815
0.5804424656711702
0.3215030169973684
0.6130896287664896
0.21868610106828337
1.0270499846176255
