211
3.9722292830306345
0.8412449110873693
-1.4914657111492151
6.457797002986048
7.651098565572637E-5
2.3086822482148537
-0.3880191943130055
0.5959948529464526
4.849587946711682
0.8303512031410156
0.8020252244473031
1.073601333951622
3.0972393527386592
2.7954684483377767
0.6604121075923054
4.228894329309382
0.7284021180312191
0.7284021180312191
0.8332438288464792
1.5301272118829952
6.518667916438421
0.6721406797198435
0.39765191008475465
0.3729720054350032
-0.9330614436627821
0.25820099820954595
0.8927971870933437
0.43296975484912553
0.037812292638623325
0.38791006299800174
3.6088937615791643
-0.5852022359593562
0.29322545824077323
0.7880773771712928
0.6641623011077726
-0.27353975929013685
0.36338024136152486
1.8003144345233117
3.2195788741065936
-0.27331339554061007
2.1317231929069584
0.6905137132680313
4.851297996470178
2.4424693970602673
4.024197751821422
1.5341962511695957
3.178064783149345
1.348951991559253
0.6799725520244008
0.10484171081526084
0.10484171081526084
0.10484171081526084
0.3108966660413154
0.7829062149242524
0.14397386808725188
0.9127396359967498
0.13070159662492498
1.284304488644328
0.1797910989575682
0.05526177219842605
0.14627176556449928
1.0347749941018358
0.30170418764968293
1.8075824919273646
-0.2896551439657169
0.03874944008501207
3.168469593939101
1.4052100344895293
3.053212025977427
1.5386359367818145
0.06100771064029686
-0.0015967749295862936
0.03963414281463255
2.49280794275954
1.9844998378039622
2.0102648151028992
0.24427100936581334
0.2438783164512362
0.2879901320670765
0.9065215028588219
0.44157396855851205
1.7371086108007021
2.9113053192901526
1.8790577944658435
0.15938617490187545
0.41940458379168427
0.4309760534845921
0.7845315267492119
0.041287392477427985
0.09379227816912719
0.17779642879287502
0.2113628031483133
0.06293808321333884
0.07220642286242332
0.08545802469025912
-0.23606049140341756
-0.23606049140341756
-0.2839906337459037
0.06940109763724031
0.3018016371653423
0.0777766508999624
0.07814991164514688
0.07938148884352711
0.0817711346341911
0.0855076569743914
0.09009806719649793
0.10640973625256077
0.12335424940493116
0.1449647462994853
0.22965216173119068
0.3129352143952115
0.5642716768119281
1.1768770976907528
1.8508216249261071
0.11068931470018765
0.11484393918476603
0.11272720214739337
0.10693241950870695
0.31199852948264367
0.1649115513434045
-0.08904620281305314
0.09368604284963261
0.18315388047855308
0.08640550178310351
-0.12005154426359019
0.08261776217150778
-0.055886120614313216
0.021168325311910822
0.005963682550697276
-0.12888610392450517
0.2058901303890754
0.07769257586881512
0.14811235674968984
0.08097517097017007
0.10035179354562178
-0.08249185581616451
0.09444029667928676
0.18085086629470054
0.2583335933726231
1.8210859133493988
2.1222701881054404
-0.03959256941200395
1.537769532348133
2.762558954192924
0.4315441982418199
0.6984223851287373
0.8930147349659145
0.5291229675643815
0.12304919204985149
0.21350212256789064
0.7764189223065456
0.12393520716171662
1.5510559347889235
1.9164356121840607
0.06009313551595228
0.16279866140886282
0.14170791457517265
0.13596711601079062
0.17320953025139602
0.15829196316178476
0.274109367663105
0.10338514681491622
0.2400882350385837
0.09184128885106123
0.08584432906217239
0.11642077115187387
0.08168960240164089
0.07581390176153194
0.07091028886066254
0.051916669108298015
0.9747331834785711
2.8962079075508327
0.4067707280802132
5.705107357903916
0.30497327076896313
0.0489223630587104
0.25140077832355806
1.6945859833974828
-0.11619810979396694
0.3669033028156169
0.26074162407227486
-0.5107420049241567
0.36806854736428296
1.1587878968079242
1.3813690191731471
2.0545256371709355
0.3294202914904205
0.14777140030490526
1.9302108843343329
2.5583209846088635
1.3916210673940208
0.6843906407081655
0.3879832724562246
0.9607496074786618
0.6927819505569153
0.18644317397622087
0.5077908346977849
0.5442511108767473
1.259084933950711
1.8315929615556708
-0.6784361110097291
0.16087150951975826
0.07750718599373967
0.2896257083202863
1.52431857712432
1.4966248961759223
1.9391358853277558
0.2239075681636239
0.5248483933380221
0.6047507973750695
0.29603875362693166
